연도,월,행정구역구분명,행정구역명,총 인구수,0~9세,10~19세,20~29세,30~39세,40~49세,50~59세,60~69세,70~79세,80~89세,90~99세,100세 이상,총 인구수 (남),0~9세 (남),10~19세 (남),20~29세 (남),30~39세 (남),40~49세 (남),50~59세 (남),60~69세 (남),70~79세 (남),80~89세 (남),90~99세 (남),100세 이상 (남),총 인구수 (여),0~9세 (여),10~19세 (여),20~29세 (여),30~39세 (여),40~49세 (여),50~59세 (여),60~69세 (여),70~79세 (여),80~89세 (여),90~99세 (여),100세 이상 (여)
2022,12,도,경기도  ,13589432,1040954,1327726,1737291,1882300,2284603,2293422,1750962,808663,403721,58065,1725,6839276,532630,680443,916141,978227,1162714,1159994,872468,371412,151010,13881,356,6750156,508324,647283,821150,904073,1121889,1133428,878494,437251,252711,44184,1369
2022,12,시군,경기도 가평군 ,62197,2930,4463,5929,5397,7589,10910,13315,7082,3999,564,19,32097,1491,2277,3426,2964,4064,5820,6876,3429,1591,153,6,30100,1439,2186,2503,2433,3525,5090,6439,3653,2408,411,13
2022,12,읍면동,경기도 가평군 가평읍,19555,1020,1673,2094,1795,2630,3390,3614,1963,1206,163,7,9943,528,895,1157,947,1386,1807,1809,909,467,37,1,9612,492,778,937,848,1244,1583,1805,1054,739,126,6
2022,12,읍면동,경기도 가평군 북면,3815,108,174,230,223,357,665,1072,578,353,54,1,1978,55,81,143,124,203,375,561,284,137,15,0,1837,53,93,87,99,154,290,511,294,216,39,1
2022,12,읍면동,경기도 가평군 상면,5669,140,259,482,389,533,1074,1537,788,410,57,0,3007,71,147,331,223,293,559,800,399,166,18,0,2662,69,112,151,166,240,515,737,389,244,39,0
2022,12,읍면동,경기도 가평군 설악면,9679,478,749,875,791,1076,1630,2223,1115,628,112,2,4981,232,359,467,455,560,872,1155,583,264,33,1,4698,246,390,408,336,516,758,1068,532,364,79,1
2022,12,읍면동,경기도 가평군 조종면,9618,628,706,1003,1105,1206,1548,1927,941,495,56,3,5096,324,355,595,637,649,809,1042,471,198,15,1,4522,304,351,408,468,557,739,885,470,297,41,2
2022,12,읍면동,경기도 가평군 청평면,13861,556,902,1245,1094,1787,2603,2942,1697,907,122,6,7092,281,440,733,578,973,1398,1509,783,359,35,3,6769,275,462,512,516,814,1205,1433,914,548,87,3
2022,12,시군,경기도 고양시 ,1075202,73997,101074,140606,142572,172996,197448,140266,62941,37677,5480,145,524999,37590,51604,71578,71081,84120,96251,70205,27449,13658,1426,37,550203,36407,49470,69028,71491,88876,101197,70061,35492,24019,4054,108
2022,12,구,경기도 고양시 덕양구 ,487874,36231,41419,60469,70476,78293,84547,65372,31304,17384,2321,58,240152,18419,21140,30869,35437,39331,41852,32391,13766,6362,571,14,247722,17812,20279,29600,35039,38962,42695,32981,17538,11022,1750,44
2022,12,읍면동,경기도 고양시 덕양구 고양동,29209,1732,2988,3379,2839,4751,5253,4355,2484,1279,144,5,14680,868,1552,1843,1504,2373,2769,2127,1116,480,46,2,14529,864,1436,1536,1335,2378,2484,2228,1368,799,98,3
2022,12,읍면동,경기도 고양시 덕양구 관산동,35979,1730,2663,3962,3714,5258,6973,6534,3284,1640,211,10,18187,891,1370,2148,2027,2787,3582,3218,1488,635,40,1,17792,839,1293,1814,1687,2471,3391,3316,1796,1005,171,9
2022,12,읍면동,경기도 고양시 덕양구 능곡동,15746,868,1150,2026,1948,2205,3121,2571,1163,605,87,2,8091,469,611,1097,1088,1092,1561,1373,540,244,15,1,7655,399,539,929,860,1113,1560,1198,623,361,72,1
2022,12,읍면동,경기도 고양시 덕양구 대덕동,5557,630,408,704,903,941,772,700,333,150,16,0,2928,316,202,406,441,510,441,385,163,62,2,0,2629,314,206,298,462,431,331,315,170,88,14,0
2022,12,읍면동,경기도 고양시 덕양구 삼송1동,19581,1801,1402,2587,3874,3355,2766,2194,1044,504,52,2,9415,906,718,1166,1819,1721,1309,1071,491,205,8,1,10166,895,684,1421,2055,1634,1457,1123,553,299,44,1
2022,12,읍면동,경기도 고양시 덕양구 삼송2동,28772,2596,1687,3905,5859,4374,4122,3319,1939,873,98,0,13420,1288,866,1722,2845,2197,1833,1505,814,327,23,0,15352,1308,821,2183,3014,2177,2289,1814,1125,546,75,0
2022,12,읍면동,경기도 고양시 덕양구 성사1동,21724,1136,1749,2855,2572,3205,4228,3371,1579,893,135,1,10821,578,936,1489,1377,1645,2160,1636,658,316,26,0,10903,558,813,1366,1195,1560,2068,1735,921,577,109,1
2022,12,읍면동,경기도 고양시 덕양구 성사2동,10996,507,902,1349,1268,1504,2073,1790,906,617,78,2,5317,257,473,708,680,699,987,864,399,230,20,0,5679,250,429,641,588,805,1086,926,507,387,58,2
2022,12,읍면동,경기도 고양시 덕양구 원신동,23308,2607,2317,1964,3348,4517,3288,3135,1417,616,98,1,11132,1288,1111,1036,1528,2258,1563,1439,647,243,19,0,12176,1319,1206,928,1820,2259,1725,1696,770,373,79,1
2022,12,읍면동,경기도 고양시 덕양구 주교동,11463,383,832,1483,1172,1506,2444,2065,982,517,77,2,5906,201,462,810,674,791,1273,1057,446,174,17,1,5557,182,370,673,498,715,1171,1008,536,343,60,1
2022,12,읍면동,경기도 고양시 덕양구 창릉동,24045,2754,1843,2381,5502,4303,3101,2448,1104,531,75,3,11873,1390,972,1106,2703,2226,1552,1159,515,225,25,0,12172,1364,871,1275,2799,2077,1549,1289,589,306,50,3
2022,12,읍면동,경기도 고양시 덕양구 행신1동,21277,1170,1831,2717,2733,3157,4154,3202,1354,832,124,3,10357,628,909,1386,1426,1517,2019,1584,563,292,32,1,10920,542,922,1331,1307,1640,2135,1618,791,540,92,2
2022,12,읍면동,경기도 고양시 덕양구 행신2동,31001,2009,2488,4424,4900,4448,5740,3926,1760,1155,147,4,15150,1010,1254,2327,2487,2190,2717,2008,727,391,38,1,15851,999,1234,2097,2413,2258,3023,1918,1033,764,109,3
2022,12,읍면동,경기도 고양시 덕양구 행신3동,23454,1269,2305,3449,2771,3332,5045,2935,1325,903,120,0,11159,670,1146,1757,1318,1538,2309,1516,560,308,37,0,12295,599,1159,1692,1453,1794,2736,1419,765,595,83,0
2022,12,읍면동,경기도 고양시 덕양구 행신4동,20450,836,2034,2882,2182,3054,4146,3111,1302,787,115,1,10187,423,1053,1571,1189,1503,2123,1524,549,232,19,1,10263,413,981,1311,993,1551,2023,1587,753,555,96,0
2022,12,읍면동,경기도 고양시 덕양구 행주동,18152,600,1045,2598,2302,2331,3742,3156,1450,809,117,2,9552,313,546,1452,1306,1304,2034,1647,649,280,21,0,8600,287,499,1146,996,1027,1708,1509,801,529,96,2
2022,12,읍면동,경기도 고양시 덕양구 화전동,27967,3839,2049,2657,5447,5425,3652,2917,1284,601,91,5,13967,1996,1030,1347,2620,2891,1812,1401,628,218,21,3,14000,1843,1019,1310,2827,2534,1840,1516,656,383,70,2
2022,12,읍면동,경기도 고양시 덕양구 화정1동,36675,1608,3341,5638,4353,5044,7302,4967,2423,1764,227,8,17809,845,1708,2860,2242,2363,3526,2541,974,676,73,1,18866,763,1633,2778,2111,2681,3776,2426,1449,1088,154,7
2022,12,읍면동,경기도 고양시 덕양구 화정2동,32035,2158,3458,4228,4141,5480,6006,3521,1709,1177,155,2,15467,1090,1775,2135,2083,2499,2952,1796,684,398,55,0,16568,1068,1683,2093,2058,2981,3054,1725,1025,779,100,2
2022,12,읍면동,경기도 고양시 덕양구 효자동,20771,2941,1526,2226,4485,3664,2528,1933,953,448,65,2,10141,1458,735,1012,2130,1950,1249,995,446,154,12,0,10630,1483,791,1214,2355,1714,1279,938,507,294,53,2
2022,12,읍면동,경기도 고양시 덕양구 흥도동,29712,3057,3401,3055,4163,6439,4091,3222,1509,683,89,3,14593,1534,1711,1491,1950,3277,2081,1545,709,272,22,1,15119,1523,1690,1564,2213,3162,2010,1677,800,411,67,2
2022,12,구,경기도 고양시 일산동구 ,296590,18739,28371,41361,37910,47825,56710,38362,15846,9838,1587,41,144032,9551,14501,20791,18764,22697,27432,19407,6955,3515,406,13,152558,9188,13870,20570,19146,25128,29278,18955,8891,6323,1181,28
2022,12,읍면동,경기도 고양시 일산동구 고봉동,22684,1246,1412,2630,2850,3227,4506,3949,1664,988,203,9,11911,633,762,1542,1585,1737,2368,2102,804,346,29,3,10773,613,650,1088,1265,1490,2138,1847,860,642,174,6
2022,12,읍면동,경기도 고양시 일산동구 마두1동,23399,1187,3095,3422,2215,3651,4749,3018,1158,766,136,2,11238,596,1583,1727,1071,1578,2326,1539,511,274,33,0,12161,591,1512,1695,1144,2073,2423,1479,647,492,103,2
2022,12,읍면동,경기도 고양시 일산동구 마두2동,15803,986,2108,2074,1440,2694,3093,1802,773,718,113,2,7438,504,1072,1034,641,1173,1490,909,327,244,43,1,8365,482,1036,1040,799,1521,1603,893,446,474,70,1
2022,12,읍면동,경기도 고양시 일산동구 백석1동,29619,1801,2511,4356,4420,4562,5663,3801,1519,869,116,1,14070,903,1292,2080,2161,2186,2586,1870,626,334,32,0,15549,898,1219,2276,2259,2376,3077,1931,893,535,84,1
2022,12,읍면동,경기도 고양시 일산동구 백석2동,20423,755,1201,3211,3283,3344,3964,2615,1204,736,106,4,9799,374,614,1467,1606,1617,2001,1336,524,235,24,1,10624,381,587,1744,1677,1727,1963,1279,680,501,82,3
2022,12,읍면동,경기도 고양시 일산동구 식사동,40643,3875,5376,5150,4626,7775,7371,4037,1482,822,128,1,19742,1993,2726,2566,2128,3623,3644,2100,644,288,30,0,20901,1882,2650,2584,2498,4152,3727,1937,838,534,98,1
2022,12,읍면동,경기도 고양시 일산동구 장항1동,11120,1275,982,1195,1671,2180,1913,1230,463,185,24,2,5627,662,509,613,778,1099,987,656,246,74,3,0,5493,613,473,582,893,1081,926,574,217,111,21,2
2022,12,읍면동,경기도 고양시 일산동구 장항2동,26836,888,1472,4679,4965,4461,5113,2943,1270,908,130,7,13158,472,713,2152,2573,2177,2583,1552,543,342,47,4,13678,416,759,2527,2392,2284,2530,1391,727,566,83,3
2022,12,읍면동,경기도 고양시 일산동구 정발산동,22709,1106,1941,3454,2897,3127,4389,3329,1502,832,130,2,10950,575,981,1789,1511,1430,2043,1609,670,314,27,1,11759,531,960,1665,1386,1697,2346,1720,832,518,103,1
2022,12,읍면동,경기도 고양시 일산동구 중산1동,21244,951,1706,3044,2343,2725,4314,3514,1419,1035,191,2,10296,462,907,1613,1201,1324,1966,1799,619,348,56,1,10948,489,799,1431,1142,1401,2348,1715,800,687,135,1
2022,12,읍면동,경기도 고양시 일산동구 중산2동,24260,1953,2380,3104,2849,3945,4630,3167,1312,793,125,2,11602,1000,1201,1630,1391,1885,2116,1505,571,275,28,0,12658,953,1179,1474,1458,2060,2514,1662,741,518,97,2
2022,12,읍면동,경기도 고양시 일산동구 풍산동,37850,2716,4187,5042,4351,6134,7005,4957,2080,1186,185,7,18201,1377,2141,2578,2118,2868,3322,2430,870,441,54,2,19649,1339,2046,2464,2233,3266,3683,2527,1210,745,131,5
2022,12,구,경기도 고양시 일산서구 ,290738,19027,31284,38776,34186,46878,56191,36532,15791,10455,1572,46,140815,9620,15963,19918,16880,22092,26967,18407,6728,3781,449,10,149923,9407,15321,18858,17306,24786,29224,18125,9063,6674,1123,36
2022,12,읍면동,경기도 고양시 일산서구 가좌동,19239,1223,2388,2497,1696,3253,4001,2349,1147,604,81,0,9531,590,1203,1334,821,1524,2092,1202,508,235,22,0,9708,633,1185,1163,875,1729,1909,1147,639,369,59,0
2022,12,읍면동,경기도 고양시 일산서구 대화동,35392,2026,2762,5740,5182,5223,6710,4571,1908,1112,153,5,17231,1026,1441,2845,2670,2548,3151,2277,851,380,41,1,18161,1000,1321,2895,2512,2675,3559,2294,1057,732,112,4
2022,12,읍면동,경기도 고양시 일산서구 덕이동,31342,2506,3765,3871,3408,5599,6066,3730,1464,806,122,5,15364,1261,1903,1951,1656,2709,2997,1891,676,297,23,0,15978,1245,1862,1920,1752,2890,3069,1839,788,509,99,5
2022,12,읍면동,경기도 고양시 일산서구 송포동,20998,1449,2089,2750,2669,3377,4101,2665,1124,661,109,4,10347,693,1090,1491,1300,1597,1976,1363,524,283,28,2,10651,756,999,1259,1369,1780,2125,1302,600,378,81,2
2022,12,읍면동,경기도 고양시 일산서구 일산1동,26304,1634,2417,3606,3059,3858,5068,3733,1719,1059,147,4,12659,841,1212,1855,1506,1871,2359,1828,732,414,41,0,13645,793,1205,1751,1553,1987,2709,1905,987,645,106,4
2022,12,읍면동,경기도 고양시 일산서구 일산2동,17794,764,1265,2432,1856,2211,3966,3171,1230,780,119,0,8808,379,643,1315,948,1081,1973,1638,522,277,32,0,8986,385,622,1117,908,1130,1993,1533,708,503,87,0
2022,12,읍면동,경기도 고양시 일산서구 일산3동,34319,2254,5406,4235,3383,6452,6538,3639,1364,889,155,4,16575,1168,2765,2204,1641,2837,3123,1913,571,315,37,1,17744,1086,2641,2031,1742,3615,3415,1726,793,574,118,3
2022,12,읍면동,경기도 고양시 일산서구 주엽1동,27255,1533,2991,3467,3241,4231,5024,3463,1658,1438,199,10,12780,776,1543,1748,1560,1916,2313,1668,686,492,76,2,14475,757,1448,1719,1681,2315,2711,1795,972,946,123,8
2022,12,읍면동,경기도 고양시 일산서구 주엽2동,27914,1697,3001,3362,3199,4342,5058,3630,1859,1522,239,5,13041,866,1506,1678,1569,1986,2325,1788,712,528,82,1,14873,831,1495,1684,1630,2356,2733,1842,1147,994,157,4
2022,12,읍면동,경기도 고양시 일산서구 탄현1동,30639,2192,2952,4555,3948,4828,6274,3398,1343,977,166,6,15059,1132,1506,2345,1991,2342,3043,1784,540,331,43,2,15580,1060,1446,2210,1957,2486,3231,1614,803,646,123,4
2022,12,읍면동,경기도 고양시 일산서구 탄현2동,19542,1749,2248,2261,2545,3504,3385,2183,975,607,82,3,9420,888,1151,1152,1218,1681,1615,1055,406,229,24,1,10122,861,1097,1109,1327,1823,1770,1128,569,378,58,2
2022,12,시군,경기도 과천시 ,77775,7235,7456,9776,11550,11815,12988,9964,4295,2271,416,9,38224,3744,3822,5041,5708,5804,6257,4887,1975,873,110,3,39551,3491,3634,4735,5842,6011,6731,5077,2320,1398,306,6
2022,12,읍면동,경기도 과천시 갈현동,20892,2646,2550,2306,3003,3752,3290,1988,800,482,74,1,10173,1371,1260,1171,1353,1836,1646,994,333,183,26,0,10719,1275,1290,1135,1650,1916,1644,994,467,299,48,1
2022,12,읍면동,경기도 과천시 과천동,8991,555,526,1141,1560,1270,1444,1450,694,302,49,0,4661,267,290,619,879,700,721,703,332,140,10,0,4330,288,236,522,681,570,723,747,362,162,39,0
2022,12,읍면동,경기도 과천시 문원동,7313,468,707,1030,946,1057,1287,946,566,261,44,1,3572,244,380,527,512,511,625,430,246,88,9,0,3741,224,327,503,434,546,662,516,320,173,35,1
2022,12,읍면동,경기도 과천시 별양동,14751,1313,1457,1899,2107,2220,2471,2002,775,422,83,2,7185,656,757,970,1018,1073,1159,988,383,153,27,1,7566,657,700,929,1089,1147,1312,1014,392,269,56,1
2022,12,읍면동,경기도 과천시 부림동,14910,1434,1304,1929,2479,2105,2541,1855,776,402,84,1,7333,773,675,993,1222,1022,1221,910,344,152,21,0,7577,661,629,936,1257,1083,1320,945,432,250,63,1
2022,12,읍면동,경기도 과천시 중앙동,10918,819,912,1471,1455,1411,1955,1723,684,402,82,4,5300,433,460,761,724,662,885,862,337,157,17,2,5618,386,452,710,731,749,1070,861,347,245,65,2
2022,12,시군,경기도 광명시 ,288182,20408,29165,34965,38532,48660,48620,39997,18256,8372,1166,41,141784,10399,14973,18124,19714,23904,24194,18991,8317,2900,261,7,146398,10009,14192,16841,18818,24756,24426,21006,9939,5472,905,34
2022,12,읍면동,경기도 광명시 광명1동,64,0,4,1,7,12,22,12,4,2,0,0,36,0,3,0,5,7,12,7,2,0,0,0,28,0,1,1,2,5,10,5,2,2,0,0
2022,12,읍면동,경기도 광명시 광명2동,2994,84,181,351,351,389,546,587,349,146,10,0,1516,50,97,195,203,205,281,271,163,47,4,0,1478,34,84,156,148,184,265,316,186,99,6,0
2022,12,읍면동,경기도 광명시 광명3동,9685,289,617,1117,1146,1266,1821,1908,1007,465,48,1,4707,142,331,587,656,645,887,852,424,174,9,0,4978,147,286,530,490,621,934,1056,583,291,39,1
2022,12,읍면동,경기도 광명시 광명4동,12182,521,777,1438,1560,1626,2134,2345,1212,498,69,2,5994,255,392,755,839,842,1069,1093,561,171,17,0,6188,266,385,683,721,784,1065,1252,651,327,52,2
2022,12,읍면동,경기도 광명시 광명5동,12051,656,1069,1443,1402,1961,2007,1997,1024,442,50,0,5901,345,559,782,720,978,972,918,462,154,11,0,6150,311,510,661,682,983,1035,1079,562,288,39,0
2022,12,읍면동,경기도 광명시 광명6동,11572,868,1189,1274,1410,1940,1969,1725,831,333,33,0,5710,422,619,647,733,959,970,828,395,131,6,0,5862,446,570,627,677,981,999,897,436,202,27,0
2022,12,읍면동,경기도 광명시 광명7동,20884,1507,1673,2548,3053,3226,3434,3274,1494,597,75,3,10283,738,837,1350,1546,1675,1647,1536,714,221,19,0,10601,769,836,1198,1507,1551,1787,1738,780,376,56,3
2022,12,읍면동,경기도 광명시 소하1동,30983,2498,4202,3602,3453,5775,5057,3872,1703,708,110,3,15066,1269,2155,1855,1660,2720,2527,1797,795,261,27,0,15917,1229,2047,1747,1793,3055,2530,2075,908,447,83,3
2022,12,읍면동,경기도 광명시 소하2동,27785,1611,2799,3498,3205,4269,4918,4312,2112,933,124,4,13858,822,1448,1914,1743,2135,2463,2033,938,328,32,2,13927,789,1351,1584,1462,2134,2455,2279,1174,605,92,2
2022,12,읍면동,경기도 광명시 일직동,21675,2463,2148,3045,4290,4251,3175,1695,408,159,40,1,10852,1289,1072,1447,2108,2138,1647,884,205,50,11,1,10823,1174,1076,1598,2182,2113,1528,811,203,109,29,0
2022,12,읍면동,경기도 광명시 철산1동,10698,714,1342,1390,1436,1908,1833,1284,531,234,26,0,5300,350,723,719,741,885,904,635,247,93,3,0,5398,364,619,671,695,1023,929,649,284,141,23,0
2022,12,읍면동,경기도 광명시 철산2동,5619,175,352,792,714,738,1157,1006,429,226,29,1,3019,83,184,425,423,405,641,553,212,87,6,0,2600,92,168,367,291,333,516,453,217,139,23,1
2022,12,읍면동,경기도 광명시 철산3동,37578,3248,4718,4495,4360,6979,6280,4701,1831,841,121,4,18396,1603,2420,2325,2090,3316,3104,2300,895,315,27,1,19182,1645,2298,2170,2270,3663,3176,2401,936,526,94,3
2022,12,읍면동,경기도 광명시 철산4동,11834,861,1068,1374,2034,2021,1952,1497,721,271,33,2,5913,454,550,730,1039,995,994,722,331,90,7,1,5921,407,518,644,995,1026,958,775,390,181,26,1
2022,12,읍면동,경기도 광명시 하안1동,25504,1930,3135,2960,2810,4706,4423,3362,1445,622,105,6,12717,1016,1594,1570,1433,2265,2240,1666,698,209,26,0,12787,914,1541,1390,1377,2441,2183,1696,747,413,79,6
2022,12,읍면동,경기도 광명시 하안2동,13494,841,899,1614,2458,2189,2159,1819,860,557,96,2,6323,417,442,809,1275,1073,1022,770,349,149,17,0,7171,424,457,805,1183,1116,1137,1049,511,408,79,2
2022,12,읍면동,경기도 광명시 하안3동,19386,1236,1649,2258,2682,3100,3263,2711,1464,884,130,9,9156,671,848,1113,1359,1544,1571,1226,547,248,27,2,10230,565,801,1145,1323,1556,1692,1485,917,636,103,7
2022,12,읍면동,경기도 광명시 하안4동,12178,850,1267,1580,1978,2093,2101,1387,596,284,41,1,5905,444,653,794,1033,984,1023,624,245,98,7,0,6273,406,614,786,945,1109,1078,763,351,186,34,1
2022,12,읍면동,경기도 광명시 학온동,2016,56,76,185,183,211,369,503,235,170,26,2,1132,29,46,107,108,133,220,276,134,74,5,0,884,27,30,78,75,78,149,227,101,96,21,2
2022,12,시군,경기도 광주시 ,391704,31834,35029,43691,54568,68901,66609,55062,24444,10157,1356,53,199833,16218,17905,23265,28406,36275,34220,27400,11875,3984,278,7,191871,15616,17124,20426,26162,32626,32389,27662,12569,6173,1078,46
2022,12,읍면동,경기도 광주시 경안동,29466,2808,2547,3647,4636,4912,4640,3710,1746,743,75,2,15133,1434,1336,1948,2387,2581,2515,1863,799,259,11,0,14333,1374,1211,1699,2249,2331,2125,1847,947,484,64,2
2022,12,읍면동,경기도 광주시 곤지암읍,22772,1194,1709,2638,2631,3360,4504,3974,1736,888,136,2,12190,630,921,1434,1479,1829,2503,2150,873,342,29,0,10582,564,788,1204,1152,1531,2001,1824,863,546,107,2
2022,12,읍면동,경기도 광주시 광남1동,34160,2370,2671,4185,4682,5710,6224,5228,2189,791,105,5,17482,1226,1394,2214,2460,3068,3123,2576,1080,322,19,0,16678,1144,1277,1971,2222,2642,3101,2652,1109,469,86,5
2022,12,읍면동,경기도 광주시 광남2동,33344,4549,4340,2842,4979,7470,4340,2965,1334,455,67,3,16519,2279,2206,1509,2312,3763,2228,1354,657,199,12,0,16825,2270,2134,1333,2667,3707,2112,1611,677,256,55,3
2022,12,읍면동,경기도 광주시 남종면,1477,24,59,98,90,127,261,434,222,136,24,2,781,13,27,56,53,66,153,238,111,57,7,0,696,11,32,42,37,61,108,196,111,79,17,2
2022,12,읍면동,경기도 광주시 남한산성면,2379,124,164,156,193,303,397,533,298,183,24,4,1239,64,87,85,96,164,222,291,151,74,4,1,1140,60,77,71,97,139,175,242,147,109,20,3
2022,12,읍면동,경기도 광주시 능평동,23513,2091,1655,2553,3944,4367,3583,3225,1454,551,87,3,11730,1053,848,1364,2068,2295,1719,1457,699,212,15,0,11783,1038,807,1189,1876,2072,1864,1768,755,339,72,3
2022,12,읍면동,경기도 광주시 도척면,9461,390,612,943,934,1289,1890,1965,897,453,85,3,5192,204,325,539,556,757,1051,1097,465,174,22,2,4269,186,287,404,378,532,839,868,432,279,63,1
2022,12,읍면동,경기도 광주시 송정동,21609,1328,1949,2607,2648,3571,4010,3358,1477,586,72,3,10947,668,919,1394,1415,1875,2064,1654,719,222,17,0,10662,660,1030,1213,1233,1696,1946,1704,758,364,55,3
2022,12,읍면동,경기도 광주시 신현동,36956,3256,2378,4358,7164,6985,5527,4568,1893,714,111,2,18395,1632,1245,2260,3740,3686,2540,2091,893,288,20,0,18561,1624,1133,2098,3424,3299,2987,2477,1000,426,91,2
2022,12,읍면동,경기도 광주시 쌍령동,18130,1711,1606,2165,2587,3186,3143,2375,962,351,41,3,9070,900,767,1147,1330,1635,1503,1155,475,149,9,0,9060,811,839,1018,1257,1551,1640,1220,487,202,32,3
2022,12,읍면동,경기도 광주시 오포1동,21207,2091,1618,2077,3244,3801,3485,2931,1336,552,70,2,10944,1071,846,1111,1681,2083,1795,1474,641,223,19,0,10263,1020,772,966,1563,1718,1690,1457,695,329,51,2
2022,12,읍면동,경기도 광주시 오포2동,34293,3087,3930,3847,4452,6466,5738,3954,1913,807,95,4,17406,1592,2003,1973,2229,3381,2983,2022,888,314,19,2,16887,1495,1927,1874,2223,3085,2755,1932,1025,493,76,2
2022,12,읍면동,경기도 광주시 초월읍,48404,3381,4981,5652,6233,8275,8709,6726,2927,1345,168,7,25087,1757,2528,3028,3255,4386,4657,3510,1423,512,30,1,23317,1624,2453,2624,2978,3889,4052,3216,1504,833,138,6
2022,12,읍면동,경기도 광주시 탄벌동,38657,2519,3504,4735,4755,6587,7425,5906,2289,847,85,5,19636,1240,1760,2544,2589,3386,3721,2927,1117,333,18,1,19021,1279,1744,2191,2166,3201,3704,2979,1172,514,67,4
2022,12,읍면동,경기도 광주시 퇴촌면,15876,911,1306,1188,1396,2492,2733,3210,1771,755,111,3,8082,455,693,659,756,1320,1443,1541,884,304,27,0,7794,456,613,529,640,1172,1290,1669,887,451,84,3
2022,12,시군,경기도 구리시 ,188876,12826,17079,24493,24297,30660,34343,26886,12008,5581,684,19,93537,6631,8771,12543,12308,15369,16785,13394,5415,2135,182,4,95339,6195,8308,11950,11989,15291,17558,13492,6593,3446,502,15
2022,12,읍면동,경기도 구리시 갈매동,30120,3940,2642,2820,4756,6313,4023,3523,1545,477,78,3,14862,2048,1309,1399,2215,3331,1929,1676,757,182,16,0,15258,1892,1333,1421,2541,2982,2094,1847,788,295,62,3
2022,12,읍면동,경기도 구리시 교문1동,15751,608,993,2021,2011,2277,3044,2797,1296,638,63,3,8115,313,498,1074,1102,1252,1563,1439,614,245,15,0,7636,295,495,947,909,1025,1481,1358,682,393,48,3
2022,12,읍면동,경기도 구리시 교문2동,21307,1381,2498,2761,2337,3527,3856,2998,1254,616,75,4,10325,720,1243,1433,1118,1659,1842,1448,584,254,24,0,10982,661,1255,1328,1219,1868,2014,1550,670,362,51,4
2022,12,읍면동,경기도 구리시 동구동,36545,2275,3614,5070,4359,5590,7211,4948,2153,1163,160,2,17960,1168,1929,2629,2221,2668,3408,2501,937,454,44,1,18585,1107,1685,2441,2138,2922,3803,2447,1216,709,116,1
2022,12,읍면동,경기도 구리시 수택1동,15452,706,1042,2235,2075,2156,2994,2589,1119,479,56,1,7695,375,562,1072,1132,1106,1446,1301,514,176,10,1,7757,331,480,1163,943,1050,1548,1288,605,303,46,0
2022,12,읍면동,경기도 구리시 수택2동,25102,1146,1889,3533,3108,3454,4862,4228,1900,871,108,3,12449,569,964,1838,1620,1796,2407,2124,799,303,28,1,12653,577,925,1695,1488,1658,2455,2104,1101,568,80,2
2022,12,읍면동,경기도 구리시 수택3동,21659,1276,2117,2927,2756,3616,4093,2801,1332,652,86,3,10942,681,1081,1537,1432,1805,2095,1448,588,250,24,1,10717,595,1036,1390,1324,1811,1998,1353,744,402,62,2
2022,12,읍면동,경기도 구리시 인창동,22940,1494,2284,3126,2895,3727,4260,3002,1409,685,58,0,11189,757,1185,1561,1468,1752,2095,1457,622,271,21,0,11751,737,1099,1565,1427,1975,2165,1545,787,414,37,0
2022,12,시군,경기도 군포시 ,266531,17362,24923,35389,37020,41409,46873,38013,15649,8518,1328,47,132304,8917,12893,18459,19541,20469,22873,18526,7181,3078,359,8,134227,8445,12030,16930,17479,20940,24000,19487,8468,5440,969,39
2022,12,읍면동,경기도 군포시 광정동,24114,1414,2492,3395,3062,3747,4374,3114,1348,986,177,5,11719,713,1301,1729,1582,1729,2209,1493,589,323,51,0,12395,701,1191,1666,1480,2018,2165,1621,759,663,126,5
2022,12,읍면동,경기도 군포시 군포1동,32959,1738,2463,5070,4616,4675,6285,5074,2010,889,131,8,17376,893,1281,2767,2659,2529,3297,2614,945,354,36,1,15583,845,1182,2303,1957,2146,2988,2460,1065,535,95,7
2022,12,읍면동,경기도 군포시 군포2동,43030,3070,4776,5691,5480,6980,7717,5940,2183,1027,156,10,21403,1565,2516,2982,2807,3386,3707,2971,1051,380,37,1,21627,1505,2260,2709,2673,3594,4010,2969,1132,647,119,9
2022,12,읍면동,경기도 군포시 궁내동,20196,1520,2911,2435,2011,3684,3721,2229,929,650,102,4,9911,815,1502,1305,988,1683,1834,1089,422,235,37,1,10285,705,1409,1130,1023,2001,1887,1140,507,415,65,3
2022,12,읍면동,경기도 군포시 금정동,19627,952,1250,3066,3001,2742,3629,3208,1175,525,73,6,10251,506,666,1600,1705,1506,1873,1601,592,185,15,2,9376,446,584,1466,1296,1236,1756,1607,583,340,58,4
2022,12,읍면동,경기도 군포시 대야동,9536,586,929,1061,1163,1489,1747,1505,688,308,57,3,4774,293,484,546,608,776,835,776,326,118,11,1,4762,293,445,515,555,713,912,729,362,190,46,2
2022,12,읍면동,경기도 군포시 산본1동,15498,538,737,2368,2258,1850,2735,2881,1371,665,94,1,7855,280,400,1294,1334,1021,1271,1387,626,223,19,0,7643,258,337,1074,924,829,1464,1494,745,442,75,1
2022,12,읍면동,경기도 군포시 산본2동,25951,1809,2620,3256,3255,4096,4517,3987,1498,772,138,3,12515,919,1303,1694,1603,1918,2101,1960,696,287,33,1,13436,890,1317,1562,1652,2178,2416,2027,802,485,105,2
2022,12,읍면동,경기도 군포시 송부동,20666,2415,2130,2169,3595,3826,2855,2383,887,351,53,2,10205,1229,1080,1060,1838,1950,1331,1121,448,133,15,0,10461,1186,1050,1109,1757,1876,1524,1262,439,218,38,2
2022,12,읍면동,경기도 군포시 수리동,15895,849,1412,1881,2073,2387,2838,2307,1184,839,124,1,7580,434,727,944,1061,1156,1360,1062,488,306,41,1,8315,415,685,937,1012,1231,1478,1245,696,533,83,0
2022,12,읍면동,경기도 군포시 오금동,20960,1540,1932,2541,3540,3428,3406,2653,1107,706,106,1,10156,776,1005,1291,1801,1639,1617,1229,480,281,37,0,10804,764,927,1250,1739,1789,1789,1424,627,425,69,1
2022,12,읍면동,경기도 군포시 재궁동,18099,931,1271,2456,2966,2505,3049,2732,1269,800,117,3,8559,494,628,1247,1555,1176,1438,1223,518,253,27,0,9540,437,643,1209,1411,1329,1611,1509,751,547,90,3
2022,12,시군,경기도 김포시 ,484194,49493,51597,50510,70516,93401,70383,55929,28069,12483,1770,43,241926,25322,26237,25910,34472,48163,35956,27400,13190,4839,426,11,242268,24171,25360,24600,36044,45238,34427,28529,14879,7644,1344,32
2022,12,읍면동,경기도 김포시 고촌읍,47900,6066,5074,4056,7727,9919,6129,5447,2414,909,155,4,23776,3161,2635,2001,3612,5068,3080,2578,1242,364,33,2,24124,2905,2439,2055,4115,4851,3049,2869,1172,545,122,2
2022,12,읍면동,경기도 김포시 구래동,45298,5865,4475,5775,9636,9401,4507,3350,1645,569,71,4,22527,2975,2184,2770,4882,4960,2261,1514,753,211,16,1,22771,2890,2291,3005,4754,4441,2246,1836,892,358,55,3
2022,12,읍면동,경기도 김포시 김포본동,59462,5242,6242,7172,7506,10191,10249,7406,3480,1749,219,6,29221,2667,3141,3813,3648,5002,4970,3672,1572,674,60,2,30241,2575,3101,3359,3858,5189,5279,3734,1908,1075,159,4
2022,12,읍면동,경기도 김포시 대곶면,9958,319,484,847,868,1228,2143,2272,1093,601,100,3,5806,164,266,514,544,778,1359,1345,558,250,26,2,4152,155,218,333,324,450,784,927,535,351,74,1
2022,12,읍면동,경기도 김포시 마산동,35939,5175,3543,2816,6972,7743,3779,3241,1916,659,92,3,17783,2667,1751,1368,3416,4176,1847,1409,875,251,23,0,18156,2508,1792,1448,3556,3567,1932,1832,1041,408,69,3
2022,12,읍면동,경기도 김포시 사우동,22007,1310,2023,2816,2698,3554,4087,3096,1571,753,96,3,11024,700,1058,1503,1415,1803,2007,1540,694,281,23,0,10983,610,965,1313,1283,1751,2080,1556,877,472,73,3
2022,12,읍면동,경기도 김포시 양촌읍,29627,2070,2598,2977,3872,4893,4931,4751,2271,1105,156,3,15560,1065,1350,1626,2079,2745,2691,2468,1098,404,33,1,14067,1005,1248,1351,1793,2148,2240,2283,1173,701,123,2
2022,12,읍면동,경기도 김포시 운양동,49204,6566,5893,4266,7637,11438,6153,4218,2096,818,119,0,24010,3349,3023,2061,3389,5859,3073,1922,966,337,31,0,25194,3217,2870,2205,4248,5579,3080,2296,1130,481,88,0
2022,12,읍면동,경기도 김포시 월곶면,5374,118,224,435,414,556,1061,1382,726,373,83,2,2952,56,103,258,247,343,617,767,385,161,15,0,2422,62,121,177,167,213,444,615,341,212,68,2
2022,12,읍면동,경기도 김포시 장기동,41226,4880,5465,3865,5795,9326,5355,3649,1970,815,106,0,20121,2445,2693,1956,2699,4718,2738,1662,877,310,23,0,21105,2435,2772,1909,3096,4608,2617,1987,1093,505,83,0
2022,12,읍면동,경기도 김포시 장기본동,38858,4132,5799,3871,4800,8523,5478,3458,1918,776,101,2,18938,2083,2952,1942,2215,4146,2787,1584,901,299,28,1,19920,2049,2847,1929,2585,4377,2691,1874,1017,477,73,1
2022,12,읍면동,경기도 김포시 통진읍,30563,1752,2426,3562,3489,4438,5706,5290,2424,1288,184,4,16265,889,1304,2095,1965,2454,3123,2800,1118,476,41,0,14298,863,1122,1467,1524,1984,2583,2490,1306,812,143,4
2022,12,읍면동,경기도 김포시 풍무동,60675,5752,6932,7347,8437,11353,9250,6423,3503,1488,185,5,29524,2986,3525,3564,3980,5596,4521,3058,1645,601,47,1,31151,2766,3407,3783,4457,5757,4729,3365,1858,887,138,4
2022,12,읍면동,경기도 김포시 하성면,8103,246,419,705,665,838,1555,1946,1042,580,103,4,4419,115,252,439,381,515,882,1081,506,220,27,1,3684,131,167,266,284,323,673,865,536,360,76,3
2022,12,시군,경기도 남양주시 ,737366,59695,79526,84275,88791,132019,124584,94511,48306,22482,3054,123,366323,30684,40924,43777,44066,65746,63342,46237,22117,8712,696,22,371043,29011,38602,40498,44725,66273,61242,48274,26189,13770,2358,101
2022,12,읍면동,경기도 남양주시 금곡동,17844,535,999,2118,1940,2012,3576,3849,1723,948,135,9,9140,264,524,1186,1116,1075,1805,1967,819,357,27,0,8704,271,475,932,824,937,1771,1882,904,591,108,9
2022,12,읍면동,경기도 남양주시 다산1동,99765,12838,10690,10714,16661,20009,12608,9299,4774,1914,250,8,48904,6572,5413,5150,7848,10294,6262,4319,2265,739,40,2,50861,6266,5277,5564,8813,9715,6346,4980,2509,1175,210,6
2022,12,읍면동,경기도 남양주시 다산2동,35472,4066,4108,3622,4477,7616,5497,3730,1606,646,102,2,17327,2059,2105,1876,2021,3771,2743,1744,749,236,23,0,18145,2007,2003,1746,2456,3845,2754,1986,857,410,79,2
2022,12,읍면동,경기도 남양주시 별내동,79697,7838,7530,9306,12626,14463,11869,9695,4341,1738,275,16,38715,3964,3776,4532,6178,7187,5675,4643,2066,637,53,4,40982,3874,3754,4774,6448,7276,6194,5052,2275,1101,222,12
2022,12,읍면동,경기도 남양주시 별내면,19014,954,1804,2323,1676,2908,3679,2949,1660,933,123,5,9527,491,962,1197,871,1489,1896,1446,742,396,36,1,9487,463,842,1126,805,1419,1783,1503,918,537,87,4
2022,12,읍면동,경기도 남양주시 수동면,8952,281,608,756,719,962,1738,2032,1152,549,148,7,4708,149,348,453,404,523,965,1035,576,225,28,2,4244,132,260,303,315,439,773,997,576,324,120,5
2022,12,읍면동,경기도 남양주시 양정동,3773,120,136,417,424,371,730,936,415,205,18,1,2178,58,69,262,257,237,429,567,209,82,8,0,1595,62,67,155,167,134,301,369,206,123,10,1
2022,12,읍면동,경기도 남양주시 오남읍,52614,3158,6156,6649,5105,9268,10268,6412,3539,1819,236,4,26379,1631,3196,3517,2620,4584,5392,3177,1528,679,54,1,26235,1527,2960,3132,2485,4684,4876,3235,2011,1140,182,3
2022,12,읍면동,경기도 남양주시 와부읍,58222,3166,6875,7086,5284,9704,10965,7923,4690,2211,304,14,28654,1639,3504,3773,2667,4527,5501,3851,2180,927,82,3,29568,1527,3371,3313,2617,5177,5464,4072,2510,1284,222,11
2022,12,읍면동,경기도 남양주시 조안면,3989,153,239,360,355,491,737,896,488,238,31,1,2068,84,120,193,193,259,387,474,249,103,6,0,1921,69,119,167,162,232,350,422,239,135,25,1
2022,12,읍면동,경기도 남양주시 진건읍,22432,787,1624,2778,2206,2847,4691,4330,1987,1051,124,7,11659,440,854,1547,1224,1513,2472,2273,918,396,21,1,10773,347,770,1231,982,1334,2219,2057,1069,655,103,6
2022,12,읍면동,경기도 남양주시 진접읍,96064,7175,11632,10845,10072,17258,16628,12624,6399,3058,355,18,48371,3711,6044,5770,5093,8561,8740,6293,2911,1152,94,2,47693,3464,5588,5075,4979,8697,7888,6331,3488,1906,261,16
2022,12,읍면동,경기도 남양주시 퇴계원읍,28208,1374,2385,3585,3140,3907,5363,4949,2299,1085,119,2,14029,686,1229,1905,1677,1977,2590,2432,1100,409,23,1,14179,688,1156,1680,1463,1930,2773,2517,1199,676,96,1
2022,12,읍면동,경기도 남양주시 평내동,37683,2988,4865,4641,4488,7147,6509,3889,2019,999,132,6,18535,1542,2488,2364,2243,3455,3271,1859,915,365,33,0,19148,1446,2377,2277,2245,3692,3238,2030,1104,634,99,6
2022,12,읍면동,경기도 남양주시 호평동,56678,5424,7135,6077,6731,11610,9070,5713,3291,1423,195,9,27652,2833,3624,3217,3171,5594,4548,2659,1385,571,48,2,29026,2591,3511,2860,3560,6016,4522,3054,1906,852,147,7
2022,12,읍면동,경기도 남양주시 화도읍,65960,4327,6929,7725,6899,11868,12011,8924,4764,2219,286,8,32891,2203,3621,4045,3532,5952,6163,4359,2082,858,75,1,33069,2124,3308,3680,3367,5916,5848,4565,2682,1361,211,7
2022,12,읍면동,경기도 남양주시 화도읍남부출장소,36612,3103,4386,3868,4109,7007,6320,4368,2284,1040,124,3,18365,1634,2316,2032,2024,3427,3327,2161,999,418,27,0,18247,1469,2070,1836,2085,3580,2993,2207,1285,622,97,3
2022,12,읍면동,경기도 남양주시 화도읍동부출장소,14387,1408,1425,1405,1879,2571,2325,1993,875,406,97,3,7221,724,731,758,927,1321,1176,978,424,162,18,2,7166,684,694,647,952,1250,1149,1015,451,244,79,1
2022,12,시군,경기도 동두천시 ,91735,5347,8239,10485,9509,13202,16290,14518,8466,5051,612,16,45737,2746,4153,5654,5024,6769,8588,7191,3618,1825,166,3,45998,2601,4086,4831,4485,6433,7702,7327,4848,3226,446,13
2022,12,읍면동,경기도 동두천시 보산동,2899,122,195,318,266,346,541,557,335,201,18,0,1411,57,92,175,143,176,282,273,141,68,4,0,1488,65,103,143,123,170,259,284,194,133,14,0
2022,12,읍면동,경기도 동두천시 불현동,26231,1556,2476,3132,2659,3831,4827,4062,2249,1276,160,3,12852,804,1219,1675,1364,1896,2432,2020,952,447,43,0,13379,752,1257,1457,1295,1935,2395,2042,1297,829,117,3
2022,12,읍면동,경기도 동두천시 상패동,5180,252,250,525,592,588,918,1038,580,383,52,2,2782,140,126,289,351,342,550,558,270,142,14,0,2398,112,124,236,241,246,368,480,310,241,38,2
2022,12,읍면동,경기도 동두천시 생연1동,6720,418,535,738,705,810,1195,1234,633,409,43,0,3391,224,262,418,386,427,616,619,276,147,16,0,3329,194,273,320,319,383,579,615,357,262,27,0
2022,12,읍면동,경기도 동두천시 생연2동,11570,679,1218,1179,1098,1723,1976,1783,1154,685,74,1,5650,337,635,642,546,865,1048,818,474,262,22,1,5920,342,583,537,552,858,928,965,680,423,52,0
2022,12,읍면동,경기도 동두천시 소요동,8879,389,525,868,801,1144,1590,1759,1093,630,76,4,4629,199,276,499,439,650,887,915,513,233,18,0,4250,190,249,369,362,494,703,844,580,397,58,4
2022,12,읍면동,경기도 동두천시 송내동,25522,1781,2866,3312,2972,4262,4325,2969,1832,1075,126,2,12559,904,1447,1739,1553,2121,2235,1394,728,406,31,1,12963,877,1419,1573,1419,2141,2090,1575,1104,669,95,1
2022,12,읍면동,경기도 동두천시 중앙동,4734,150,174,413,416,498,918,1116,590,392,63,4,2463,81,96,217,242,292,538,594,264,120,18,1,2271,69,78,196,174,206,380,522,326,272,45,3
2022,12,시군,경기도 부천시 ,791263,49108,66556,105028,108931,122303,141197,122640,49778,22292,3314,116,391769,25240,34085,54162,56209,61822,68408,59946,23364,7784,720,29,399494,23868,32471,50866,52722,60481,72789,62694,26414,14508,2594,87
2022,12,읍면동,경기도 부천시 대산동,78938,4086,5979,10326,10641,11606,13974,13230,6058,2661,362,15,38969,2081,3093,5353,5668,5968,6677,6244,2799,999,82,5,39969,2005,2886,4973,4973,5638,7297,6986,3259,1662,280,10
2022,12,읍면동,경기도 부천시 범안동,93256,8129,9601,10034,12554,17396,14305,12706,5612,2485,414,20,45679,4224,4834,5196,6106,8769,6881,6005,2680,881,96,7,47577,3905,4767,4838,6448,8627,7424,6701,2932,1604,318,13
2022,12,읍면동,경기도 부천시 부천동,87867,4754,6851,11800,11621,13080,15935,14356,6331,2783,331,25,43830,2400,3568,6195,6016,6791,7868,6948,2938,1018,80,8,44037,2354,3283,5605,5605,6289,8067,7408,3393,1765,251,17
2022,12,읍면동,경기도 부천시 상동,83767,6901,9423,11071,11842,14360,15032,10229,3178,1475,249,7,41113,3544,4805,5648,5743,6791,7191,5278,1560,487,64,2,42654,3357,4618,5423,6099,7569,7841,4951,1618,988,185,5
2022,12,읍면동,경기도 부천시 성곡동,80493,3657,6307,11360,9322,11309,16291,13551,5507,2793,387,9,40226,1849,3265,6040,4987,5776,8131,6732,2434,928,83,1,40267,1808,3042,5320,4335,5533,8160,6819,3073,1865,304,8
2022,12,읍면동,경기도 부천시 소사본동,55067,3466,3964,6870,7777,7510,9486,9709,4275,1741,260,9,27110,1816,2023,3588,4079,3756,4414,4686,2032,655,57,4,27957,1650,1941,3282,3698,3754,5072,5023,2243,1086,203,5
2022,12,읍면동,경기도 부천시 신중동,128968,8999,10785,17449,20788,20326,21758,18962,6469,2902,514,16,62169,4578,5439,8512,10320,9830,9981,9321,3118,968,101,1,66799,4421,5346,8937,10468,10496,11777,9641,3351,1934,413,15
2022,12,읍면동,경기도 부천시 심곡동,61932,2666,3600,9329,8981,9053,11155,10200,4754,1922,265,7,31551,1411,1826,4718,4997,5006,5730,4895,2229,701,38,0,30381,1255,1774,4611,3984,4047,5425,5305,2525,1221,227,7
2022,12,읍면동,경기도 부천시 오정동,80790,4146,6350,11379,10308,11677,16025,13194,5046,2349,313,3,41324,2154,3345,6099,5682,6180,8082,6648,2333,736,64,1,39466,1992,3005,5280,4626,5497,7943,6546,2713,1613,249,2
2022,12,읍면동,경기도 부천시 중동,40185,2304,3696,5410,5097,5986,7236,6503,2548,1181,219,5,19798,1183,1887,2813,2611,2955,3453,3189,1241,411,55,0,20387,1121,1809,2597,2486,3031,3783,3314,1307,770,164,5
2022,12,시군,경기도 성남시 ,920362,62365,84645,121313,132956,149935,154207,123045,59535,27976,4252,133,455768,31801,43386,62282,68062,73881,77076,60146,27178,10854,1066,36,464594,30564,41259,59031,64894,76054,77131,62899,32357,17122,3186,97
2022,12,구,경기도 성남시 분당구 ,482026,36657,52980,61529,68392,84075,79542,55375,26575,14232,2589,80,233736,18783,27109,30995,33247,39246,38874,26922,12094,5718,724,24,248290,17874,25871,30534,35145,44829,40668,28453,14481,8514,1865,56
2022,12,읍면동,경기도 성남시 분당구 구미1동,16832,1147,1475,2431,2654,2699,2830,1983,974,532,102,5,8151,591,713,1219,1328,1283,1368,959,428,227,34,1,8681,556,762,1212,1326,1416,1462,1024,546,305,68,4
2022,12,읍면동,경기도 성남시 분당구 구미동,30178,1974,2483,3967,4421,4587,5029,3969,2152,1317,270,9,14335,954,1296,1962,2176,2105,2381,1915,948,512,85,1,15843,1020,1187,2005,2245,2482,2648,2054,1204,805,185,8
2022,12,읍면동,경기도 성남시 분당구 금곡동,27438,1737,2173,3496,4320,4151,4486,3698,2017,1137,220,3,12906,909,1075,1681,2072,1946,2100,1742,881,427,73,0,14532,828,1098,1815,2248,2205,2386,1956,1136,710,147,3
2022,12,읍면동,경기도 성남시 분당구 백현동,26963,2227,3075,3635,3379,4485,4961,3273,1308,524,95,1,12996,1143,1615,1809,1568,2110,2326,1594,606,198,27,0,13967,1084,1460,1826,1811,2375,2635,1679,702,326,68,1
2022,12,읍면동,경기도 성남시 분당구 분당동,25328,1719,2807,3421,3446,4149,4261,3129,1469,787,135,5,12424,860,1466,1772,1773,1936,2052,1503,687,338,36,1,12904,859,1341,1649,1673,2213,2209,1626,782,449,99,4
2022,12,읍면동,경기도 성남시 분당구 삼평동,24271,2298,2924,2954,3302,4534,4049,2602,1048,478,79,3,11765,1183,1481,1483,1502,2173,2001,1242,497,187,15,1,12506,1115,1443,1471,1800,2361,2048,1360,551,291,64,2
2022,12,읍면동,경기도 성남시 분당구 서현1동,31318,2120,4208,4170,4142,5803,5195,3032,1515,952,177,4,15192,1108,2131,2066,2040,2660,2585,1480,679,388,54,1,16126,1012,2077,2104,2102,3143,2610,1552,836,564,123,3
2022,12,읍면동,경기도 성남시 분당구 서현2동,17953,1249,2137,2497,2279,2969,3238,2169,847,474,93,1,8878,650,1119,1331,1157,1370,1551,1085,401,192,22,0,9075,599,1018,1166,1122,1599,1687,1084,446,282,71,1
2022,12,읍면동,경기도 성남시 분당구 수내1동,17887,1133,2215,2336,2317,3555,3058,1509,912,714,135,3,8469,572,1143,1120,1082,1566,1558,738,377,269,44,0,9418,561,1072,1216,1235,1989,1500,771,535,445,91,3
2022,12,읍면동,경기도 성남시 분당구 수내2동,10424,1014,2022,923,759,2508,1610,786,464,287,49,2,5088,496,1026,500,312,1128,895,384,214,121,10,2,5336,518,996,423,447,1380,715,402,250,166,39,0
2022,12,읍면동,경기도 성남시 분당구 수내3동,13583,841,2362,1790,1391,2924,2265,1207,513,257,32,1,6792,450,1219,949,725,1332,1176,600,233,104,4,0,6791,391,1143,841,666,1592,1089,607,280,153,28,1
2022,12,읍면동,경기도 성남시 분당구 야탑1동,17069,1177,1235,2483,2683,2608,2630,2357,1275,525,91,5,8437,576,648,1283,1367,1292,1268,1158,588,226,29,2,8632,601,587,1200,1316,1316,1362,1199,687,299,62,3
2022,12,읍면동,경기도 성남시 분당구 야탑2동,16083,1133,1695,1846,1957,2627,2477,2351,1241,648,104,4,7642,581,833,908,931,1191,1174,1146,580,263,34,1,8441,552,862,938,1026,1436,1303,1205,661,385,70,3
2022,12,읍면동,경기도 성남시 분당구 야탑3동,27554,1900,1868,3610,4987,4005,4226,4123,1802,880,146,7,13579,1003,919,1910,2672,2029,1975,1939,806,304,21,1,13975,897,949,1700,2315,1976,2251,2184,996,576,125,6
2022,12,읍면동,경기도 성남시 분당구 운중동,33250,3830,3609,3415,5108,6368,5392,3644,1278,507,97,2,16270,1988,1824,1741,2276,3101,2673,1828,623,196,20,0,16980,1842,1785,1674,2832,3267,2719,1816,655,311,77,2
2022,12,읍면동,경기도 성남시 분당구 이매1동,25018,2025,3006,3077,3361,4244,4260,2835,1378,673,154,5,12249,1055,1521,1609,1667,1931,2104,1377,650,294,38,3,12769,970,1485,1468,1694,2313,2156,1458,728,379,116,2
2022,12,읍면동,경기도 성남시 분당구 이매2동,13202,888,1711,1665,1307,2130,2403,1763,821,425,87,2,6413,449,901,833,607,934,1184,898,391,188,27,1,6789,439,810,832,700,1196,1219,865,430,237,60,1
2022,12,읍면동,경기도 성남시 분당구 정자1동,30111,1767,3269,4404,4756,5577,4918,2687,1608,982,136,7,14204,875,1629,1981,2222,2491,2414,1322,738,475,52,5,15907,892,1640,2423,2534,3086,2504,1365,870,507,84,2
2022,12,읍면동,경기도 성남시 분당구 정자2동,14953,797,1229,1796,2772,2383,2309,1851,1019,679,116,2,7068,437,670,887,1383,1091,1112,870,401,195,22,0,7885,360,559,909,1389,1292,1197,981,618,484,94,2
2022,12,읍면동,경기도 성남시 분당구 정자3동,16994,1479,1964,2079,2406,3131,2782,1620,833,572,125,3,8228,745,1008,1071,1163,1466,1378,777,343,232,42,3,8766,734,956,1008,1243,1665,1404,843,490,340,83,0
2022,12,읍면동,경기도 성남시 분당구 정자동,19083,1268,1794,2907,3263,3058,2907,2223,1103,481,77,2,9580,648,928,1544,1733,1473,1419,1065,533,220,17,0,9503,620,866,1363,1530,1585,1488,1158,570,261,60,2
2022,12,읍면동,경기도 성남시 분당구 판교동,26534,2934,3719,2627,3382,5580,4256,2564,998,401,69,4,13070,1510,1944,1336,1491,2638,2180,1300,490,162,18,1,13464,1424,1775,1291,1891,2942,2076,1264,508,239,51,3
2022,12,구,경기도 성남시 수정구 ,232125,13988,16520,31927,34116,35334,39245,35358,17493,7260,857,27,117720,7091,8465,16841,18313,18596,20238,17357,7930,2698,186,5,114405,6897,8055,15086,15803,16738,19007,18001,9563,4562,671,22
2022,12,읍면동,경기도 성남시 수정구 고등동,10696,1223,665,1242,2496,1519,1462,1208,626,223,30,2,5296,632,340,597,1256,803,708,585,309,63,3,0,5400,591,325,645,1240,716,754,623,317,160,27,2
2022,12,읍면동,경기도 성남시 수정구 단대동,15249,897,1246,1940,2112,2296,2568,2340,1239,549,60,2,7481,446,657,999,1095,1181,1252,1104,527,204,16,0,7768,451,589,941,1017,1115,1316,1236,712,345,44,2
2022,12,읍면동,경기도 성남시 수정구 복정동,10816,628,438,2212,2334,1941,1445,1107,506,164,41,0,6064,324,243,1220,1407,1173,813,556,253,68,7,0,4752,304,195,992,927,768,632,551,253,96,34,0
2022,12,읍면동,경기도 성남시 수정구 산성동,5002,260,455,623,569,789,857,775,455,201,18,0,2537,143,238,345,311,417,430,369,197,84,3,0,2465,117,217,278,258,372,427,406,258,117,15,0
2022,12,읍면동,경기도 성남시 수정구 수진1동,12068,301,574,1592,1458,1535,2412,2419,1224,495,57,1,6333,154,303,872,869,871,1333,1207,545,165,14,0,5735,147,271,720,589,664,1079,1212,679,330,43,1
2022,12,읍면동,경기도 성남시 수정구 수진2동,15596,605,1004,2167,1979,2163,2686,2804,1527,606,53,2,7905,295,526,1155,1095,1118,1368,1368,698,270,11,1,7691,310,478,1012,884,1045,1318,1436,829,336,42,1
2022,12,읍면동,경기도 성남시 수정구 시흥동,3352,151,142,624,645,450,427,513,272,116,11,1,1764,81,77,333,361,243,232,257,133,44,3,0,1588,70,65,291,284,207,195,256,139,72,8,1
2022,12,읍면동,경기도 성남시 수정구 신촌동,4639,498,439,728,870,707,584,500,213,87,13,0,2485,244,248,472,462,378,296,246,99,35,5,0,2154,254,191,256,408,329,288,254,114,52,8,0
2022,12,읍면동,경기도 성남시 수정구 신흥1동,13224,413,667,1841,1829,1927,2454,2406,1161,474,51,1,6964,211,360,955,1082,1128,1374,1193,489,160,12,0,6260,202,307,886,747,799,1080,1213,672,314,39,1
2022,12,읍면동,경기도 성남시 수정구 신흥2동,19918,1709,1560,2343,3160,3074,3309,2995,1287,416,62,3,9677,849,777,1184,1589,1493,1561,1421,629,158,15,1,10241,860,783,1159,1571,1581,1748,1574,658,258,47,2
2022,12,읍면동,경기도 성남시 수정구 신흥3동,11215,378,590,1591,1519,1622,2140,1954,997,373,51,0,5969,176,323,847,875,913,1211,1012,455,146,11,0,5246,202,267,744,644,709,929,942,542,227,40,0
2022,12,읍면동,경기도 성남시 수정구 양지동,9738,440,876,1330,1024,1511,1812,1475,865,369,33,3,4817,232,432,685,551,758,934,700,378,138,8,1,4921,208,444,645,473,753,878,775,487,231,25,2
2022,12,읍면동,경기도 성남시 수정구 위례동,44480,4338,4343,4941,6650,8139,7047,5725,2219,930,146,2,21738,2232,2132,2466,3136,4050,3445,2836,1072,335,33,1,22742,2106,2211,2475,3514,4089,3602,2889,1147,595,113,1
2022,12,읍면동,경기도 성남시 수정구 태평1동,15124,450,659,2705,2158,1909,2577,2540,1426,641,55,4,7844,228,357,1435,1246,1072,1367,1261,615,252,11,0,7280,222,302,1270,912,837,1210,1279,811,389,44,4
2022,12,읍면동,경기도 성남시 수정구 태평2동,15068,635,994,2283,2088,2060,2718,2336,1271,605,76,2,7568,308,517,1204,1169,1074,1395,1126,559,203,13,0,7500,327,477,1079,919,986,1323,1210,712,402,63,2
2022,12,읍면동,경기도 성남시 수정구 태평3동,13067,498,856,1787,1668,1790,2443,2308,1161,501,54,1,6726,254,413,1011,941,941,1313,1149,518,172,13,1,6341,244,443,776,727,849,1130,1159,643,329,41,0
2022,12,읍면동,경기도 성남시 수정구 태평4동,12873,564,1012,1978,1557,1902,2304,1953,1044,510,46,3,6552,282,522,1061,868,983,1206,967,454,201,8,0,6321,282,490,917,689,919,1098,986,590,309,38,3
2022,12,구,경기도 성남시 중원구 ,206211,11720,15145,27857,30448,30526,35420,32312,15467,6484,806,26,104312,5927,7812,14446,16502,16039,17964,15867,7154,2438,156,7,101899,5793,7333,13411,13946,14487,17456,16445,8313,4046,650,19
2022,12,읍면동,경기도 성남시 중원구 금광1동,6586,375,419,793,1128,935,1105,1130,496,186,19,0,3406,186,228,413,607,528,557,573,224,83,7,0,3180,189,191,380,521,407,548,557,272,103,12,0
2022,12,읍면동,경기도 성남시 중원구 금광2동,25583,1332,1822,3631,3726,3795,4293,4090,1975,823,91,5,12599,666,908,1775,1964,1910,2157,1939,937,323,19,1,12984,666,914,1856,1762,1885,2136,2151,1038,500,72,4
2022,12,읍면동,경기도 성남시 중원구 도촌동,27026,2455,2777,3068,3858,4864,4227,3445,1578,642,111,1,13079,1267,1419,1566,1858,2367,2007,1583,753,236,23,0,13947,1188,1358,1502,2000,2497,2220,1862,825,406,88,1
2022,12,읍면동,경기도 성남시 중원구 상대원1동,25114,1413,1709,3114,3878,3708,4436,4145,1845,768,94,4,13033,707,891,1704,2176,2059,2290,2051,852,286,16,1,12081,706,818,1410,1702,1649,2146,2094,993,482,78,3
2022,12,읍면동,경기도 성남시 중원구 상대원2동,6789,248,466,793,768,876,1426,1289,604,278,37,4,3566,127,225,443,422,495,804,659,288,97,4,2,3223,121,241,350,346,381,622,630,316,181,33,2
2022,12,읍면동,경기도 성남시 중원구 상대원3동,12340,470,826,1577,1584,1638,2378,2317,1102,401,45,2,6431,231,436,847,911,898,1250,1188,534,131,5,0,5909,239,390,730,673,740,1128,1129,568,270,40,2
2022,12,읍면동,경기도 성남시 중원구 성남동,33438,1343,1824,5486,5837,4623,5363,5004,2614,1187,151,6,17435,671,925,2821,3386,2584,2825,2496,1222,467,36,2,16003,672,899,2665,2451,2039,2538,2508,1392,720,115,4
2022,12,읍면동,경기도 성남시 중원구 은행1동,10114,520,916,1734,1351,1431,1708,1375,737,315,27,0,4985,288,457,847,728,702,843,664,334,117,5,0,5129,232,459,887,623,729,865,711,403,198,22,0
2022,12,읍면동,경기도 성남시 중원구 은행2동,23282,1048,1721,3303,2979,3252,4259,3714,2008,895,103,0,11514,538,904,1724,1630,1660,2108,1765,837,328,20,0,11768,510,817,1579,1349,1592,2151,1949,1171,567,83,0
2022,12,읍면동,경기도 성남시 중원구 중앙동,15856,1333,1033,1650,2602,2614,2621,2359,1151,442,49,2,8146,673,540,858,1370,1409,1389,1187,528,182,9,1,7710,660,493,792,1232,1205,1232,1172,623,260,40,1
2022,12,읍면동,경기도 성남시 중원구 하대원동,20083,1183,1632,2708,2737,2790,3604,3444,1357,547,79,2,10118,573,879,1448,1450,1427,1734,1762,645,188,12,0,9965,610,753,1260,1287,1363,1870,1682,712,359,67,2
2022,12,읍면동,경기도 송탄출장소 ,0,0,0,0,0,0,0,0,0,0,0,0,0,0,0,0,0,0,0,0,0,0,0,0,0,0,0,0,0,0,0,0,0,0,0,0
2022,12,시군,경기도 수원시 ,1190964,86779,115211,179883,180641,198275,198875,138467,59744,28759,4207,123,599619,44755,59358,94242,95345,99786,99085,68637,26983,10415,994,19,591345,42024,55853,85641,85296,98489,99790,69830,32761,18344,3213,104
2022,12,구,경기도 수원시 권선구 ,313834,22920,32545,40110,45915,51249,53812,41437,16512,7988,1319,27,153786,11776,16769,20674,23200,24603,25961,20080,7630,2767,320,6,160048,11144,15776,19436,22715,26646,27851,21357,8882,5221,999,21
2022,12,읍면동,경기도 수원시 권선구 곡선동,290325,18886,31227,38577,34138,46623,56214,36762,15790,10504,1558,46,140665,9574,15931,19817,16876,21958,26993,18518,6734,3804,450,10,149660,9312,15296,18760,17262,24665,29221,18244,9056,6700,1108,36
2022,12,읍면동,경기도 수원시 권선구 구운동,344664,19943,31856,54875,43332,52792,68532,45125,17378,9378,1412,41,175811,10196,16320,29174,23597,27123,34503,23616,7807,3132,337,6,168853,9747,15536,25701,19735,25669,34029,21509,9571,6246,1075,35
2022,12,읍면동,경기도 수원시 권선구 권선1동,490088,36464,41576,60440,71174,78601,84714,65817,31418,17454,2371,59,241283,18522,21200,30865,35780,39552,41925,32613,13811,6412,587,16,248805,17942,20376,29575,35394,39049,42789,33204,17607,11042,1784,43
2022,12,읍면동,경기도 수원시 권선구 권선2동,296122,18577,28310,41211,37809,47630,56672,38532,15876,9855,1607,43,143793,9472,14460,20724,18751,22627,27329,19524,6964,3511,418,13,152329,9105,13850,20487,19058,25003,29343,19008,8912,6344,1189,30
2022,12,읍면동,경기도 수원시 권선구 금곡동,296996,18515,26945,44851,40695,46543,57666,39729,14096,6886,1041,29,153129,9473,13929,23907,22313,24328,29197,20840,6612,2322,203,5,143867,9042,13016,20944,18382,22215,28469,18889,7484,4564,838,24
2022,12,읍면동,경기도 수원시 권선구 서둔동,641660,38458,58801,99726,84027,99335,126198,84854,31474,16264,2453,70,328940,19669,30249,53081,45910,51451,63700,44456,14419,5454,540,11,312720,18789,28552,46645,38117,47884,62498,40398,17055,10810,1913,59
2022,12,읍면동,경기도 수원시 권선구 세류1동,790128,48779,66472,104368,108853,121846,140974,123117,49938,22336,3323,122,391102,25044,34025,53809,56168,61591,68278,60165,23456,7816,720,30,399026,23735,32447,50559,52685,60255,72696,62952,26482,14520,2603,92
2022,12,읍면동,경기도 수원시 권선구 세류2동,287945,20317,29179,34871,38407,48544,48636,40093,18294,8381,1184,39,141632,10352,14974,18031,19688,23839,24199,19028,8350,2900,264,7,146313,9965,14205,16840,18719,24705,24437,21065,9944,5481,920,32
2022,12,읍면동,경기도 수원시 권선구 세류3동,578529,49207,55467,77857,89178,99956,94329,64701,29607,16035,2141,51,303283,24988,28456,43829,49844,53810,49986,32802,13231,5828,501,8,275246,24219,27011,34028,39334,46146,44343,31899,16376,10207,1640,43
2022,12,읍면동,경기도 수원시 권선구 입북동,78137,7306,7511,9778,11633,11900,13009,10007,4313,2255,416,9,38416,3780,3855,5034,5745,5840,6268,4921,1989,869,112,3,39721,3526,3656,4744,5888,6060,6741,5086,2324,1386,304,6
2022,12,읍면동,경기도 수원시 권선구 평동,91546,5300,8221,10400,9488,13164,16243,14582,8448,5065,620,15,45673,2729,4152,5597,5015,6753,8579,7227,3614,1841,163,3,45873,2571,4069,4803,4473,6411,7664,7355,4834,3224,457,12
2022,12,읍면동,경기도 수원시 권선구 호매실동,1076535,73927,101113,140228,143121,172854,197600,141111,63084,37813,5536,148,525741,37568,51591,71406,71407,84137,96247,70655,27509,13727,1455,39,550794,36359,49522,68822,71714,88717,101353,70456,35575,24086,4081,109
2022,12,구,경기도 수원시 영통구 ,495315,42403,51677,58898,69773,84654,80079,58718,29794,16824,2426,69,251334,21705,26354,31967,36475,43499,41666,29530,13226,6298,596,18,243981,20698,25323,26931,33298,41155,38413,29188,16568,10526,1830,51
2022,12,읍면동,경기도 수원시 영통구 광교1동,122323,6631,9853,10125,10391,16149,21091,25659,14075,7223,1100,26,61495,3406,5176,5623,5397,8102,10823,12829,6974,2898,264,3,60828,3225,4677,4502,4994,8047,10268,12830,7101,4325,836,23
2022,12,읍면동,경기도 수원시 영통구 광교2동,29084,3089,3208,2939,4881,5806,4366,2929,1288,490,85,3,13909,1565,1616,1455,2260,2861,2047,1344,569,173,18,1,15175,1524,1592,1484,2621,2945,2319,1585,719,317,67,2
2022,12,읍면동,경기도 수원시 영통구 망포1동,42062,2280,2917,4807,3980,4553,6788,8334,4836,3133,421,13,22113,1169,1529,3073,2327,2467,3677,4365,2252,1136,113,5,19949,1111,1388,1734,1653,2086,3111,3969,2584,1997,308,8
2022,12,읍면동,경기도 수원시 영통구 망포2동,62150,2901,4429,5920,5400,7569,10891,13344,7095,4018,566,17,32102,1479,2261,3438,2969,4064,5811,6879,3451,1590,154,6,30048,1422,2168,2482,2431,3505,5080,6465,3644,2428,412,11
2022,12,읍면동,경기도 수원시 영통구 매탄1동,222721,16610,22105,30248,30469,35020,35756,30012,13912,7534,1027,28,115925,8560,11445,17371,16628,18277,18566,15495,6539,2787,252,5,106796,8050,10660,12877,13841,16743,17190,14517,7373,4747,775,23
2022,12,읍면동,경기도 수원시 영통구 매탄2동,188842,12196,17505,22585,21976,29805,32124,28627,14519,8246,1223,36,97581,6355,9016,12463,12163,15951,17030,14521,6839,2976,261,6,91261,5841,8489,10122,9813,13854,15094,14106,7680,5270,962,30
2022,12,읍면동,경기도 수원시 영통구 매탄3동,484267,49239,51750,50386,70147,93601,70517,56105,28141,12552,1782,47,241904,25186,26297,25834,34277,48279,35992,27479,13231,4886,432,11,242363,24053,25453,24552,35870,45322,34525,28626,14910,7666,1350,36
2022,12,읍면동,경기도 수원시 영통구 매탄4동,910814,96724,105971,109750,150262,178243,129461,84803,36008,17052,2469,71,473507,49458,53923,59690,79249,94085,69521,43671,17039,6355,499,17,437307,47266,52048,50060,71013,84158,59940,41132,18969,10697,1970,54
2022,12,읍면동,경기도 수원시 영통구 영통1동,243432,19281,25067,27708,28948,40406,41257,33461,17262,8776,1225,41,123173,9783,12631,14909,15084,20586,21566,16899,8075,3358,275,7,120259,9498,12436,12799,13864,19820,19691,16562,9187,5418,950,34
2022,12,읍면동,경기도 수원시 영통구 영통2동,146701,7414,11285,17151,14359,18655,28548,28195,12679,7337,1044,34,77707,3817,5886,9839,8131,10036,15659,15356,6048,2679,245,11,68994,3597,5399,7312,6228,8619,12889,12839,6631,4658,799,23
2022,12,읍면동,경기도 수원시 영통구 영통3동,113150,6560,9368,11510,11110,15757,20001,20909,10881,6090,937,27,57567,3381,4869,6276,5931,8059,10487,10686,5324,2322,228,4,55583,3179,4499,5234,5179,7698,9514,10223,5557,3768,709,23
2022,12,읍면동,경기도 수원시 영통구 원천동,391462,31671,34875,43536,54344,68878,66732,55277,24486,10246,1362,55,199707,16136,17840,23166,28288,36248,34283,27529,11896,4030,281,10,191755,15535,17035,20370,26056,32630,32449,27748,12590,6216,1081,45
2022,12,구,경기도 수원시 장안구 ,270524,15976,27018,41965,32977,42496,48963,34973,16246,8539,1336,35,136095,8153,13962,22969,17564,20982,24462,17288,7204,3183,323,5,134429,7823,13056,18996,15413,21514,24501,17685,9042,5356,1013,30
2022,12,읍면동,경기도 수원시 장안구 송죽동,481553,36446,53004,61368,68131,83871,79591,55542,26651,14262,2605,82,233526,18684,27099,30919,33166,39168,38874,26997,12128,5747,719,25,248027,17762,25905,30449,34965,44703,40717,28545,14523,8515,1886,57
2022,12,읍면동,경기도 수원시 장안구 연무동,234394,14061,17440,31373,33101,33278,41295,37582,17206,7936,1094,28,117092,7078,9126,16307,17469,17264,20219,18390,8057,2937,243,2,117302,6983,8314,15066,15632,16014,21076,19192,9149,4999,851,26
2022,12,읍면동,경기도 수원시 장안구 영화동,210505,12399,15285,28201,31876,31152,35824,32710,15618,6600,815,25,106470,6264,7897,14607,17233,16383,18177,16033,7213,2496,160,7,104035,6135,7388,13594,14643,14769,17647,16677,8405,4104,655,18
2022,12,읍면동,경기도 수원시 장안구 율천동,192610,11490,14096,30803,30636,28486,31831,25874,12664,5943,763,24,96997,5894,7226,15622,16670,14765,16156,12598,5682,2191,188,5,95613,5596,6870,15181,13966,13721,15675,13276,6982,3752,575,19
2022,12,읍면동,경기도 수원시 장안구 정자1동,360384,31334,41078,55757,60019,66263,55880,31496,11945,5721,869,22,180845,16262,21071,28906,30906,32411,27832,15882,5368,2008,195,4,179539,15072,20007,26851,29113,33852,28048,15614,6577,3713,674,18
2022,12,읍면동,경기도 수원시 장안구 정자2동,922518,62619,84720,121206,133802,150098,154359,123453,59748,28099,4281,133,456882,31941,43413,62215,68537,74020,77148,60297,27282,10929,1064,36,465636,30678,41307,58991,65265,76078,77211,63156,32466,17170,3217,97
2022,12,읍면동,경기도 수원시 장안구 정자3동,230460,13774,16431,31637,33795,35075,38944,35201,17479,7237,861,26,116886,6993,8417,16689,18138,18469,20097,17267,7941,2686,185,4,113574,6781,8014,14948,15657,16606,18847,17934,9538,4551,676,22
2022,12,읍면동,경기도 수원시 장안구 조원1동,463724,31470,41067,62143,60456,72239,81428,64309,32156,16348,2054,54,228107,16327,21028,31273,30995,36561,39960,31114,14231,6123,484,11,235617,15143,20039,30870,29461,35678,41468,33195,17925,10225,1570,43
2022,12,읍면동,경기도 수원시 장안구 조원2동,548228,36981,49985,71483,79016,84527,95107,79019,33718,15924,2413,55,270878,18854,25895,36981,40669,41867,46180,38470,15687,5704,563,8,277350,18127,24090,34502,38347,42660,48927,40549,18031,10220,1850,47
2022,12,읍면동,경기도 수원시 장안구 파장동,367446,27979,33019,51358,57009,61030,62201,46124,18889,8556,1239,42,185682,14446,17099,26745,30205,31628,30635,22869,8729,3033,288,5,181764,13533,15920,24613,26804,29402,31566,23255,10160,5523,951,37
2022,12,구,경기도 수원시 팔달구 ,188701,12734,17084,24346,24278,30589,34358,26959,12037,5602,695,19,93442,6576,8773,12462,12301,15340,16795,13432,5426,2145,188,4,95259,6158,8311,11884,11977,15249,17563,13527,6611,3457,507,15
2022,12,읍면동,경기도 수원시 팔달구 고등동,512912,45126,51077,66399,75905,92791,90352,57889,21282,10513,1529,49,267861,22858,26177,36144,40786,50144,47228,30753,9903,3559,299,10,245051,22268,24900,30255,35119,42647,43124,27136,11379,6954,1230,39
2022,12,읍면동,경기도 수원시 팔달구 매교동,737353,59370,79526,84144,88466,131877,124804,94920,48433,22614,3076,123,366261,30527,40887,43720,43921,65659,63421,46490,22143,8750,723,20,371092,28843,38639,40424,44545,66218,61383,48430,26290,13864,2353,103
2022,12,읍면동,경기도 수원시 팔달구 매산동,229849,19824,25358,29902,35964,44585,34917,23365,10477,4852,595,10,119646,10084,13079,16285,19855,23770,18290,11612,4712,1825,133,1,110203,9740,12279,13617,16109,20815,16627,11753,5765,3027,462,9
2022,12,읍면동,경기도 수원시 팔달구 우만1동,1074971,87516,121214,134702,136105,194262,176697,117999,68091,33541,4704,140,533323,44751,61989,70445,67962,95481,89378,57230,30407,14334,1317,29,541648,42765,59225,64257,68143,98781,87319,60769,37684,19207,3387,111
2022,12,읍면동,경기도 수원시 팔달구 우만2동,259288,18399,24871,33479,32399,42955,44484,35744,17140,8481,1305,31,133113,9495,12837,18262,17429,22552,23004,18089,7978,3174,288,5,126175,8904,12034,15217,14970,20403,21480,17655,9162,5307,1017,26
2022,12,읍면동,경기도 수원시 팔달구 인계동,438235,35905,50728,55846,54226,80486,72428,45691,27301,13642,1915,67,216180,18383,25932,29250,26907,39090,36390,21779,11970,5901,560,18,222055,17522,24796,26596,27319,41396,36038,23912,15331,7741,1355,49
2022,12,읍면동,경기도 수원시 팔달구 지동,326059,32150,30291,36980,52488,59761,46884,40376,18881,7075,1136,37,162773,16417,15345,18509,26201,30855,23643,19518,9386,2667,227,5,163286,15733,14946,18471,26287,28906,23241,20858,9495,4408,909,32
2022,12,읍면동,경기도 수원시 팔달구 행궁동,377448,33212,45615,45377,49480,70821,59785,36564,23650,11418,1484,42,184030,16873,23220,22933,23626,33839,29984,17362,10459,5259,469,6,193418,16339,22395,22444,25854,36982,29801,19202,13191,6159,1015,36
2022,12,읍면동,경기도 수원시 팔달구 화서1동,266213,17241,24869,35175,37033,41224,46906,38156,15712,8526,1328,43,132165,8864,12862,18361,19567,20366,22897,18580,7219,3086,356,7,134048,8377,12007,16814,17466,20858,24009,19576,8493,5440,972,36
2022,12,읍면동,경기도 수원시 팔달구 화서2동,160221,11940,13758,21076,22280,23486,28501,24141,9538,4688,792,21,79417,6111,7108,11068,11392,11791,13631,11842,4571,1723,178,2,80804,5829,6650,10008,10888,11695,14870,12299,4967,2965,614,19
2022,12,시군,경기도 시흥시 ,512438,45279,50988,66734,75838,92683,90230,57431,21218,10470,1516,51,267637,22919,26158,36347,40742,50070,47185,30499,9871,3533,304,9,244801,22360,24830,30387,35096,42613,43045,26932,11347,6937,1212,42
2022,12,읍면동,경기도 시흥시 과림동,1868,45,48,146,171,155,367,579,247,93,17,0,1143,20,27,85,116,103,243,364,139,42,4,0,725,25,21,61,55,52,124,215,108,51,13,0
2022,12,읍면동,경기도 시흥시 군자동,21102,1259,2089,2591,2342,3669,3960,3079,1362,659,90,2,11030,671,1067,1439,1332,2034,2090,1550,615,221,11,0,10072,588,1022,1152,1010,1635,1870,1529,747,438,79,2
2022,12,읍면동,경기도 시흥시 능곡동,25383,2538,2772,3294,3825,4350,4396,2519,1038,554,92,5,12618,1323,1403,1605,1955,2128,2228,1305,467,185,17,2,12765,1215,1369,1689,1870,2222,2168,1214,571,369,75,3
2022,12,읍면동,경기도 시흥시 대야동,43298,3354,3357,6004,6472,6405,8149,6148,2117,1112,179,1,21856,1725,1708,3166,3347,3343,3970,3209,1011,350,27,0,21442,1629,1649,2838,3125,3062,4179,2939,1106,762,152,1
2022,12,읍면동,경기도 시흥시 매화동,11945,593,1083,1549,1137,1728,2510,1876,896,491,80,2,6282,283,549,904,645,931,1356,1017,400,179,18,0,5663,310,534,645,492,797,1154,859,496,312,62,2
2022,12,읍면동,경기도 시흥시 목감동,41933,5266,3712,3833,7275,8130,5776,4931,2028,855,122,5,21236,2651,1871,2008,3604,4372,2938,2473,1009,284,26,0,20697,2615,1841,1825,3671,3758,2838,2458,1019,571,96,5
2022,12,읍면동,경기도 시흥시 배곧1동,35443,5317,4730,3240,6092,8054,4645,2411,676,242,34,2,17634,2674,2408,1599,2868,4174,2277,1232,321,75,6,0,17809,2643,2322,1641,3224,3880,2368,1179,355,167,28,2
2022,12,읍면동,경기도 시흥시 배곧2동,35429,4313,4218,5155,6875,7615,4561,1970,492,200,30,0,18496,2196,2056,2721,3742,4063,2382,1030,226,77,3,0,16933,2117,2162,2434,3133,3552,2179,940,266,123,27,0
2022,12,읍면동,경기도 시흥시 신천동,35300,1413,2776,5450,4012,4527,7835,5904,2166,1088,122,7,18178,711,1440,2988,2246,2370,3968,3117,987,328,22,1,17122,702,1336,2462,1766,2157,3867,2787,1179,760,100,6
2022,12,읍면동,경기도 시흥시 신현동,9661,385,664,1241,1015,1166,2082,1908,771,365,59,5,5097,182,352,689,603,626,1099,1028,373,122,19,4,4564,203,312,552,412,540,983,880,398,243,40,1
2022,12,읍면동,경기도 시흥시 연성동,24645,1897,2545,3618,3271,3891,5023,2556,1117,644,80,3,12628,979,1320,1898,1747,1952,2615,1350,511,244,12,0,12017,918,1225,1720,1524,1939,2408,1206,606,400,68,3
2022,12,읍면동,경기도 시흥시 월곶동,16969,1315,1542,1940,2549,3208,2963,2028,919,454,51,0,8803,640,805,1032,1380,1763,1579,994,433,165,12,0,8166,675,737,908,1169,1445,1384,1034,486,289,39,0
2022,12,읍면동,경기도 시흥시 은행동,55718,6760,5969,6172,8771,10390,8718,5813,2045,932,147,1,27763,3378,3072,3165,4256,5389,4249,2965,973,291,25,0,27955,3382,2897,3007,4515,5001,4469,2848,1072,641,122,1
2022,12,읍면동,경기도 시흥시 장곡동,35856,3814,4348,4323,5406,6952,5869,3269,1219,562,90,4,18103,1958,2288,2160,2706,3473,3018,1742,554,179,25,0,17753,1856,2060,2163,2700,3479,2851,1527,665,383,65,4
2022,12,읍면동,경기도 시흥시 정왕1동,22872,1141,2097,4151,3172,4362,4332,2371,810,375,58,3,13735,572,1138,2720,1986,2788,2634,1380,378,128,11,0,9137,569,959,1431,1186,1574,1698,991,432,247,47,3
2022,12,읍면동,경기도 시흥시 정왕2동,31816,2010,3388,4884,4404,5923,6347,3108,1039,626,85,2,17361,997,1742,2825,2688,3297,3387,1738,442,219,26,0,14455,1013,1646,2059,1716,2626,2960,1370,597,407,59,2
2022,12,읍면동,경기도 시흥시 정왕3동,22755,1444,2102,2845,2940,4521,4631,2816,923,450,80,3,12886,712,1096,1650,1756,2780,2660,1625,424,167,15,1,9869,732,1006,1195,1184,1741,1971,1191,499,283,65,2
2022,12,읍면동,경기도 시흥시 정왕4동,20568,1426,2451,3280,2304,3542,4355,1976,692,482,58,2,10195,759,1243,1692,1168,1692,2114,1070,271,170,16,0,10373,667,1208,1588,1136,1850,2241,906,421,312,42,2
2022,12,읍면동,경기도 시흥시 정왕본동,19877,989,1097,3018,3805,4095,3711,2169,661,286,42,4,12593,488,573,2001,2597,2792,2378,1310,337,107,9,1,7284,501,524,1017,1208,1303,1333,859,324,179,33,3
2022,12,시군,경기도 안산시 ,643044,38770,59040,100434,84098,99801,126334,84380,31463,16215,2441,68,329635,19818,30390,53437,45940,51649,63862,44169,14394,5435,530,11,313409,18952,28650,46997,38158,48152,62472,40211,17069,10780,1911,57
2022,12,구,경기도 안산시 단원구 ,297509,18671,27005,45142,40731,46724,57764,39454,14090,6860,1041,27,153356,9547,13970,24030,22329,24403,29275,20696,6598,2303,200,5,144153,9124,13035,21112,18402,22321,28489,18758,7492,4557,841,22
2022,12,읍면동,경기도 안산시 단원구 고잔동,21150,1014,1669,3876,3100,3004,4014,2766,1078,560,67,2,10581,509,860,1934,1726,1575,1957,1371,462,176,10,1,10569,505,809,1942,1374,1429,2057,1395,616,384,57,1
2022,12,읍면동,경기도 안산시 단원구 대부동,9261,288,352,661,698,1002,1898,2504,1156,606,93,3,4883,166,188,382,405,594,985,1292,604,242,24,1,4378,122,164,279,293,408,913,1212,552,364,69,2
2022,12,읍면동,경기도 안산시 단원구 백운동,21256,1596,1855,2868,3313,3041,4040,3042,1056,393,48,4,10669,838,926,1502,1721,1538,1922,1547,516,149,9,1,10587,758,929,1366,1592,1503,2118,1495,540,244,39,3
2022,12,읍면동,경기도 안산시 단원구 선부1동,17343,1215,1278,2447,2826,2613,3227,2419,850,403,63,2,8811,623,665,1290,1556,1405,1549,1216,374,120,13,0,8532,592,613,1157,1270,1208,1678,1203,476,283,50,2
2022,12,읍면동,경기도 안산시 단원구 선부2동,15677,742,1389,2395,1858,2405,3428,2173,846,394,46,1,8448,368,761,1264,1048,1348,1896,1219,401,130,12,1,7229,374,628,1131,810,1057,1532,954,445,264,34,0
2022,12,읍면동,경기도 안산시 단원구 선부3동,34111,2094,3200,5298,4694,5623,6779,4347,1299,687,90,0,17527,1066,1651,2841,2567,2916,3352,2355,561,205,13,0,16584,1028,1549,2457,2127,2707,3427,1992,738,482,77,0
2022,12,읍면동,경기도 안산시 단원구 신길동,22136,1337,2389,2873,2638,3787,4370,3028,1126,507,79,2,11883,691,1228,1639,1546,2114,2349,1579,534,186,17,0,10253,646,1161,1234,1092,1673,2021,1449,592,321,62,2
2022,12,읍면동,경기도 안산시 단원구 와동,37586,2231,3577,5577,4742,6699,7420,4535,1805,866,129,5,19928,1120,1885,3136,2695,3633,3979,2381,801,273,25,0,17658,1111,1692,2441,2047,3066,3441,2154,1004,593,104,5
2022,12,읍면동,경기도 안산시 단원구 원곡동,5963,257,305,427,571,846,1494,1140,599,299,25,0,3399,129,160,263,339,501,928,661,286,126,6,0,2564,128,145,164,232,345,566,479,313,173,19,0
2022,12,읍면동,경기도 안산시 단원구 중앙동,23323,1352,1782,4769,3729,3325,4044,2969,893,373,86,1,11590,677,907,2329,2016,1655,1952,1482,448,113,11,0,11733,675,875,2440,1713,1670,2092,1487,445,260,75,1
2022,12,읍면동,경기도 안산시 단원구 초지동,46552,3431,4347,6985,7287,7631,8345,5234,2039,1063,184,6,23920,1786,2231,3824,3994,3941,4177,2671,919,345,31,1,22632,1645,2116,3161,3293,3690,4168,2563,1120,718,153,5
2022,12,읍면동,경기도 안산시 단원구 호수동,43151,3114,4862,6966,5275,6748,8705,5297,1343,709,131,1,21717,1574,2508,3626,2716,3183,4229,2922,692,238,29,0,21434,1540,2354,3340,2559,3565,4476,2375,651,471,102,1
2022,12,구,경기도 안산시 상록구 ,345535,20099,32035,55292,43367,53077,68570,44926,17373,9355,1400,41,176279,10271,16420,29407,23611,27246,34587,23473,7796,3132,330,6,169256,9828,15615,25885,19756,25831,33983,21453,9577,6223,1070,35
2022,12,읍면동,경기도 안산시 상록구 반월동,17200,949,1171,1933,1991,2417,3065,3210,1661,697,105,1,8648,476,605,1053,1071,1305,1499,1553,786,278,21,1,8552,473,566,880,920,1112,1566,1657,875,419,84,0
2022,12,읍면동,경기도 안산시 상록구 본오1동,36857,2115,3715,5679,4406,6219,7441,4357,1815,988,120,2,19141,1109,1942,3010,2404,3268,3921,2328,770,359,29,1,17716,1006,1773,2669,2002,2951,3520,2029,1045,629,91,1
2022,12,읍면동,경기도 안산시 상록구 본오2동,25663,1313,2440,4018,2922,3869,5398,3381,1411,783,126,2,12731,674,1197,2080,1544,1878,2697,1751,608,267,35,0,12932,639,1243,1938,1378,1991,2701,1630,803,516,91,2
2022,12,읍면동,경기도 안산시 상록구 본오3동,19264,764,1530,3185,2410,2726,4112,2695,1123,650,69,0,9587,395,755,1644,1319,1378,1988,1363,492,231,22,0,9677,369,775,1541,1091,1348,2124,1332,631,419,47,0
2022,12,읍면동,경기도 안산시 상록구 부곡동,21357,1190,2016,3146,2342,3297,4713,2859,1076,634,80,4,10957,599,1001,1666,1294,1735,2439,1543,459,201,20,0,10400,591,1015,1480,1048,1562,2274,1316,617,433,60,4
2022,12,읍면동,경기도 안산시 상록구 사동,31781,1510,2454,5592,4490,4952,6335,3468,1560,1194,216,10,16711,788,1297,3131,2624,2686,3288,1827,673,329,65,3,15070,722,1157,2461,1866,2266,3047,1641,887,865,151,7
2022,12,읍면동,경기도 안산시 상록구 사이동,31855,2021,3289,4940,4094,5063,6237,4029,1342,722,116,2,16122,1061,1698,2590,2181,2598,3045,2074,607,241,27,0,15733,960,1591,2350,1913,2465,3192,1955,735,481,89,2
2022,12,읍면동,경기도 안산시 상록구 성포동,25635,1420,2291,4091,3300,3171,5338,4062,1210,626,124,2,12517,731,1204,2134,1721,1455,2383,2102,560,195,32,0,13118,689,1087,1957,1579,1716,2955,1960,650,431,92,2
2022,12,읍면동,경기도 안산시 상록구 안산동,8922,402,724,1011,906,1239,1789,1727,734,345,44,1,4689,205,369,571,535,663,969,902,344,124,7,0,4233,197,355,440,371,576,820,825,390,221,37,1
2022,12,읍면동,경기도 안산시 상록구 월피동,37634,1977,3286,6554,4669,5300,7906,5160,1696,937,144,5,19176,1010,1751,3475,2554,2647,3907,2762,763,283,23,1,18458,967,1535,3079,2115,2653,3999,2398,933,654,121,4
2022,12,읍면동,경기도 안산시 상록구 이동,23607,930,1454,4235,3630,3648,4547,3048,1328,684,97,6,12712,467,747,2232,2183,2074,2506,1627,607,247,22,0,10895,463,707,2003,1447,1574,2041,1421,721,437,75,6
2022,12,읍면동,경기도 안산시 상록구 일동,24456,1431,2287,3676,2932,4113,4766,2987,1453,718,89,4,12481,723,1128,1902,1615,2179,2515,1523,633,246,17,0,11975,708,1159,1774,1317,1934,2251,1464,820,472,72,4
2022,12,읍면동,경기도 안산시 상록구 해양동,41304,4077,5378,7232,5275,7063,6923,3943,964,377,70,2,20807,2033,2726,3919,2566,3380,3430,2118,494,131,10,0,20497,2044,2652,3313,2709,3683,3493,1825,470,246,60,2
2022,12,시군,경기도 안성시 ,189146,12269,17674,22691,22079,29855,32100,28524,14488,8225,1205,36,97702,6389,9089,12523,12204,15974,17009,14466,6815,2967,260,6,91444,5880,8585,10168,9875,13881,15091,14058,7673,5258,945,30
2022,12,읍면동,경기도 안성시 고삼면,1911,49,66,170,149,161,358,496,253,172,34,3,1015,25,36,106,92,99,194,263,124,69,7,0,896,24,30,64,57,62,164,233,129,103,27,3
2022,12,읍면동,경기도 안성시 공도읍,59976,5042,7521,6960,7920,11797,9623,6226,3133,1544,204,6,30269,2616,3853,3690,4181,6000,5016,2951,1387,529,43,3,29707,2426,3668,3270,3739,5797,4607,3275,1746,1015,161,3
2022,12,읍면동,경기도 안성시 금광면,7337,321,589,701,586,942,1358,1524,763,466,86,1,3648,172,293,392,311,483,730,755,329,167,16,0,3689,149,296,309,275,459,628,769,434,299,70,1
2022,12,읍면동,경기도 안성시 대덕면,15500,1148,1104,2174,2292,2687,2428,2139,980,482,64,2,8782,622,576,1249,1388,1643,1440,1155,493,203,13,0,6718,526,528,925,904,1044,988,984,487,279,51,2
2022,12,읍면동,경기도 안성시 미양면,5756,176,258,498,515,691,1029,1326,727,457,77,2,3150,92,142,309,329,422,579,723,367,168,18,1,2606,84,116,189,186,269,450,603,360,289,59,1
2022,12,읍면동,경기도 안성시 보개면,5229,162,269,425,403,534,934,1267,691,461,82,1,2766,90,157,261,229,319,512,686,333,166,13,0,2463,72,112,164,174,215,422,581,358,295,69,1
2022,12,읍면동,경기도 안성시 삼죽면,3785,69,297,550,239,329,637,823,483,313,44,1,1904,31,120,270,154,194,339,419,244,120,13,0,1881,38,177,280,85,135,298,404,239,193,31,1
2022,12,읍면동,경기도 안성시 서운면,3197,72,126,257,205,304,596,787,454,347,47,2,1693,37,68,168,122,178,343,413,230,126,8,0,1504,35,58,89,83,126,253,374,224,221,39,2
2022,12,읍면동,경기도 안성시 안성1동,12104,613,946,1513,1267,1603,2149,2090,1164,671,85,3,6060,282,477,830,689,847,1096,1037,532,255,15,0,6044,331,469,683,578,756,1053,1053,632,416,70,3
2022,12,읍면동,경기도 안성시 안성2동,26100,2066,2622,3887,3644,4324,4203,3168,1428,674,83,1,13318,1102,1347,2119,1956,2246,2103,1580,637,210,18,0,12782,964,1275,1768,1688,2078,2100,1588,791,464,65,1
2022,12,읍면동,경기도 안성시 안성3동,22192,1633,2401,3109,2522,3442,3979,2882,1394,740,89,1,11160,830,1255,1744,1346,1715,1972,1398,620,259,21,0,11032,803,1146,1365,1176,1727,2007,1484,774,481,68,1
2022,12,읍면동,경기도 안성시 양성면,5151,109,247,402,373,516,953,1301,655,470,119,6,2703,61,120,228,215,316,534,706,327,165,31,0,2448,48,127,174,158,200,419,595,328,305,88,6
2022,12,읍면동,경기도 안성시 원곡면,6604,359,375,755,904,992,1243,1149,510,269,48,0,3667,198,199,433,548,615,675,627,265,94,13,0,2937,161,176,322,356,377,568,522,245,175,35,0
2022,12,읍면동,경기도 안성시 일죽면,7368,244,398,607,552,791,1265,1796,1021,600,89,5,3866,127,222,328,333,473,699,908,536,219,19,2,3502,117,176,279,219,318,566,888,485,381,70,3
2022,12,읍면동,경기도 안성시 죽산면,6936,206,455,683,508,742,1345,1550,832,559,54,2,3701,104,224,396,311,424,777,845,391,217,12,0,3235,102,231,287,197,318,568,705,441,342,42,2
2022,12,시군,경기도 안양시 ,548398,37121,50036,71781,79049,84640,95202,78665,33606,15853,2391,54,270992,18888,25959,37134,40712,41885,46258,38298,15626,5668,556,8,277406,18233,24077,34647,38337,42755,48944,40367,17980,10185,1835,46
2022,12,구,경기도 안양시 동안구 ,314102,22999,32568,40300,46047,51368,53879,41208,16428,7965,1314,26,153955,11793,16805,20771,23297,24639,26012,19963,7594,2754,321,6,160147,11206,15763,19529,22750,26729,27867,21245,8834,5211,993,20
2022,12,읍면동,경기도 안양시 동안구 갈산동,10774,570,1541,1388,973,1795,1911,1521,680,318,77,0,5235,273,751,737,487,843,941,735,330,123,15,0,5539,297,790,651,486,952,970,786,350,195,62,0
2022,12,읍면동,경기도 안양시 동안구 관양1동,34736,1651,2574,5182,4508,4382,6634,5848,2559,1205,190,3,16958,840,1386,2735,2400,2130,3099,2772,1148,401,46,1,17778,811,1188,2447,2108,2252,3535,3076,1411,804,144,2
2022,12,읍면동,경기도 안양시 동안구 관양2동,18666,1084,1352,2743,2925,2770,3331,2643,1167,570,77,4,9510,558,668,1500,1602,1415,1672,1316,533,222,24,0,9156,526,684,1243,1323,1355,1659,1327,634,348,53,4
2022,12,읍면동,경기도 안양시 동안구 귀인동,16380,1142,3444,1763,1120,3761,2788,1394,582,334,51,1,8106,623,1842,891,492,1668,1477,703,270,123,17,0,8274,519,1602,872,628,2093,1311,691,312,211,34,1
2022,12,읍면동,경기도 안양시 동안구 달안동,10203,528,619,1271,2179,1603,1574,1350,605,404,69,1,4617,267,337,566,1111,727,705,562,214,117,11,0,5586,261,282,705,1068,876,869,788,391,287,58,1
2022,12,읍면동,경기도 안양시 동안구 범계동,15465,1059,2141,1917,2047,2784,2662,1638,691,438,88,0,7427,521,1120,967,991,1247,1309,796,300,150,26,0,8038,538,1021,950,1056,1537,1353,842,391,288,62,0
2022,12,읍면동,경기도 안양시 동안구 부림동,26206,1924,2212,3317,5570,4645,4026,2737,1085,609,81,0,12679,966,1116,1604,2885,2250,1898,1286,461,192,21,0,13527,958,1096,1713,2685,2395,2128,1451,624,417,60,0
2022,12,읍면동,경기도 안양시 동안구 부흥동,16669,1144,2108,1945,1960,2970,2775,2225,991,461,89,1,7948,617,1070,1011,946,1349,1348,1003,427,155,21,1,8721,527,1038,934,1014,1621,1427,1222,564,306,68,0
2022,12,읍면동,경기도 안양시 동안구 비산1동,27779,2565,2449,3412,4545,4272,4585,3841,1404,604,102,0,13595,1326,1264,1737,2247,2079,2154,1845,684,232,27,0,14184,1239,1185,1675,2298,2193,2431,1996,720,372,75,0
2022,12,읍면동,경기도 안양시 동안구 비산2동,14626,1324,1347,1793,2288,2237,2482,2027,780,296,52,0,7156,695,648,938,1122,1119,1165,988,373,100,8,0,7470,629,699,855,1166,1118,1317,1039,407,196,44,0
2022,12,읍면동,경기도 안양시 동안구 비산3동,11774,558,842,1654,1545,1470,2203,2088,899,452,62,1,5910,273,466,898,846,737,1055,1048,427,146,14,0,5864,285,376,756,699,733,1148,1040,472,306,48,1
2022,12,읍면동,경기도 안양시 동안구 신촌동,12619,826,1518,1664,1525,2000,2333,1806,648,251,48,0,6199,423,782,854,764,930,1122,899,328,84,13,0,6420,403,736,810,761,1070,1211,907,320,167,35,0
2022,12,읍면동,경기도 안양시 동안구 평안동,23183,2106,3659,2394,3022,4980,3557,2089,818,460,95,3,11294,1060,1918,1232,1402,2322,1816,1021,360,143,20,0,11889,1046,1741,1162,1620,2658,1741,1068,458,317,75,3
2022,12,읍면동,경기도 안양시 동안구 평촌동,14269,1106,1579,1946,1738,2265,2859,1724,625,381,42,4,7003,570,798,1011,848,1054,1381,890,298,140,12,1,7266,536,781,935,890,1211,1478,834,327,241,30,3
2022,12,읍면동,경기도 안양시 동안구 호계1동,18203,2436,1654,1896,3719,3431,2408,1761,628,231,38,1,9159,1247,855,952,1827,1797,1213,857,313,93,5,0,9044,1189,799,944,1892,1634,1195,904,315,138,33,1
2022,12,읍면동,경기도 안양시 동안구 호계2동,19251,1235,1504,2837,2950,2579,3538,2992,1090,448,75,3,9503,634,776,1478,1553,1234,1664,1478,495,166,23,2,9748,601,728,1359,1397,1345,1874,1514,595,282,52,1
2022,12,읍면동,경기도 안양시 동안구 호계3동,23299,1741,2025,3178,3433,3424,4213,3524,1176,503,78,4,11656,900,1008,1660,1774,1738,1993,1764,633,167,18,1,11643,841,1017,1518,1659,1686,2220,1760,543,336,60,3
2022,12,구,경기도 안양시 만안구 ,234296,14122,17468,31481,33002,33272,41323,37457,17178,7888,1077,28,117037,7095,9154,16363,17415,17246,20246,18335,8032,2914,235,2,117259,7027,8314,15118,15587,16026,21077,19122,9146,4974,842,26
2022,12,읍면동,경기도 안양시 만안구 박달1동,14530,564,995,1912,1608,1946,2891,2589,1306,639,75,5,7301,274,501,986,925,1018,1498,1268,591,225,14,1,7229,290,494,926,683,928,1393,1321,715,414,61,4
2022,12,읍면동,경기도 안양시 만안구 박달2동,21810,1755,2242,2888,3118,3356,3596,3160,1139,476,80,0,10876,897,1184,1534,1597,1664,1694,1564,554,172,16,0,10934,858,1058,1354,1521,1692,1902,1596,585,304,64,0
2022,12,읍면동,경기도 안양시 만안구 석수1동,18899,1198,1386,2295,2551,2662,3388,3172,1467,659,120,1,9290,644,749,1211,1287,1296,1586,1516,737,245,19,0,9609,554,637,1084,1264,1366,1802,1656,730,414,101,1
2022,12,읍면동,경기도 안양시 만안구 석수2동,30603,1820,2414,4076,3889,4367,5738,4770,2296,1090,137,6,15315,926,1318,2143,2003,2231,2812,2408,1045,402,27,0,15288,894,1096,1933,1886,2136,2926,2362,1251,688,110,6
2022,12,읍면동,경기도 안양시 만안구 석수3동,12777,724,1196,1747,1381,1845,2417,2125,877,409,56,0,6451,350,643,995,707,914,1216,1080,409,127,10,0,6326,374,553,752,674,931,1201,1045,468,282,46,0
2022,12,읍면동,경기도 안양시 만안구 안양1동,12142,791,980,1811,1752,1785,2196,1664,789,324,47,3,6044,385,500,898,897,908,1104,831,376,132,13,0,6098,406,480,913,855,877,1092,833,413,192,34,3
2022,12,읍면동,경기도 안양시 만안구 안양2동,22968,1346,1457,3292,3621,3018,4031,3591,1734,773,103,2,11507,685,750,1632,1933,1607,1943,1804,843,283,27,0,11461,661,707,1660,1688,1411,2088,1787,891,490,76,2
2022,12,읍면동,경기도 안양시 만안구 안양3동,16130,665,1204,2280,2041,2145,2875,2922,1347,588,61,2,7984,332,629,1216,1115,1109,1382,1387,580,222,12,0,8146,333,575,1064,926,1036,1493,1535,767,366,49,2
2022,12,읍면동,경기도 안양시 만안구 안양4동,6835,200,423,970,868,924,1215,1153,649,375,57,1,3408,107,202,465,489,524,631,552,268,147,23,0,3427,93,221,505,379,400,584,601,381,228,34,1
2022,12,읍면동,경기도 안양시 만안구 안양5동,10123,418,690,1284,1256,1388,1751,1860,923,479,71,3,5039,210,378,673,684,734,869,876,425,176,13,1,5084,208,312,611,572,654,882,984,498,303,58,2
2022,12,읍면동,경기도 안양시 만안구 안양6동,26774,1902,1558,3796,5222,3955,4192,3719,1570,760,99,1,13605,934,822,1894,2814,2157,2075,1826,775,278,30,0,13169,968,736,1902,2408,1798,2117,1893,795,482,69,1
2022,12,읍면동,경기도 안양시 만안구 안양7동,15128,1610,1248,1760,2491,2628,2401,1829,813,295,52,1,7418,795,623,895,1178,1362,1194,865,377,122,7,0,7710,815,625,865,1313,1266,1207,964,436,173,45,1
2022,12,읍면동,경기도 안양시 만안구 안양8동,8714,315,518,1250,1134,1134,1579,1682,747,315,38,2,4497,163,258,684,682,624,795,819,339,128,5,0,4217,152,260,566,452,510,784,863,408,187,33,2
2022,12,읍면동,경기도 안양시 만안구 안양9동,16863,814,1157,2120,2070,2119,3053,3221,1521,706,81,1,8302,393,597,1137,1104,1098,1447,1539,713,255,19,0,8561,421,560,983,966,1021,1606,1682,808,451,62,1
2022,12,읍면동,경기도 안중출장소 ,0,0,0,0,0,0,0,0,0,0,0,0,0,0,0,0,0,0,0,0,0,0,0,0,0,0,0,0,0,0,0,0,0,0,0,0
2022,12,시군,경기도 양주시 ,241346,19072,24917,27470,28479,40071,40993,33190,17198,8706,1213,37,122157,9664,12602,14807,14808,20429,21440,16760,8042,3325,274,6,119189,9408,12315,12663,13671,19642,19553,16430,9156,5381,939,31
2022,12,읍면동,경기도 양주시 광적면,11648,524,809,1168,1107,1500,2408,2389,1066,597,79,1,6313,267,437,692,637,851,1344,1296,535,235,19,0,5335,257,372,476,470,649,1064,1093,531,362,60,1
2022,12,읍면동,경기도 양주시 남면,6857,321,399,739,756,777,1175,1494,705,413,76,2,3862,150,197,495,477,473,696,851,353,151,19,0,2995,171,202,244,279,304,479,643,352,262,57,2
2022,12,읍면동,경기도 양주시 백석읍,25885,1119,2310,3016,2205,3566,5144,4706,2328,1297,191,3,13121,534,1200,1673,1200,1815,2689,2393,1093,492,32,0,12764,585,1110,1343,1005,1751,2455,2313,1235,805,159,3
2022,12,읍면동,경기도 양주시 양주1동,5018,160,265,459,442,531,920,1154,638,390,58,1,2618,77,146,257,247,297,493,645,299,145,12,0,2400,83,119,202,195,234,427,509,339,245,46,1
2022,12,읍면동,경기도 양주시 양주2동,51121,4122,6968,5664,4965,9904,8368,5770,3545,1605,201,9,25025,2084,3500,2893,2492,4827,4333,2634,1569,638,55,0,26096,2038,3468,2771,2473,5077,4035,3136,1976,967,146,9
2022,12,읍면동,경기도 양주시 은현면,5651,136,278,599,436,578,1102,1433,669,357,62,1,3218,66,162,365,280,361,673,811,360,127,13,0,2433,70,116,234,156,217,429,622,309,230,49,1
2022,12,읍면동,경기도 양주시 장흥면,11163,519,488,1100,1130,1204,1920,2433,1408,784,172,5,5734,291,255,671,621,658,988,1203,707,303,36,1,5429,228,233,429,509,546,932,1230,701,481,136,4
2022,12,읍면동,경기도 양주시 회천1동,9545,629,676,1386,1227,1279,1688,1502,735,384,36,3,5066,336,354,810,690,669,910,792,349,150,5,1,4479,293,322,576,537,610,778,710,386,234,31,2
2022,12,읍면동,경기도 양주시 회천2동,26840,1650,2534,3280,2793,3968,5358,4268,1932,964,92,1,13558,841,1300,1743,1500,2017,2724,2170,873,366,24,0,13282,809,1234,1537,1293,1951,2634,2098,1059,598,68,1
2022,12,읍면동,경기도 양주시 회천3동,26721,1936,3145,3752,2922,4404,4943,2822,1655,1012,124,6,13220,997,1573,1986,1507,2098,2563,1402,668,389,34,3,13501,939,1572,1766,1415,2306,2380,1420,987,623,90,3
2022,12,읍면동,경기도 양주시 회천4동,60897,7956,7045,6307,10496,12360,7967,5219,2517,903,122,5,30422,4021,3478,3222,5157,6363,4027,2563,1236,329,25,1,30475,3935,3567,3085,5339,5997,3940,2656,1281,574,97,4
2022,12,시군,경기도 양평군 ,122463,6658,9949,10204,10425,16197,21056,25585,14084,7184,1093,28,61593,3427,5246,5668,5408,8120,10814,12776,6984,2890,256,4,60870,3231,4703,4536,5017,8077,10242,12809,7100,4294,837,24
2022,12,읍면동,경기도 양평군 강상면,10271,805,934,764,1025,1623,1594,1931,1036,489,69,1,5112,391,502,396,506,800,814,942,539,205,17,0,5159,414,432,368,519,823,780,989,497,284,52,1
2022,12,읍면동,경기도 양평군 강하면,4906,168,240,331,355,486,864,1376,738,296,50,2,2470,89,133,183,197,241,434,665,395,122,10,1,2436,79,107,148,158,245,430,711,343,174,40,1
2022,12,읍면동,경기도 양평군 개군면,5234,208,294,371,362,598,887,1303,768,396,47,0,2635,98,152,205,185,314,480,658,373,163,7,0,2599,110,142,166,177,284,407,645,395,233,40,0
2022,12,읍면동,경기도 양평군 단월면,3890,109,212,231,253,387,669,1057,596,324,52,0,2001,58,102,136,149,221,346,553,304,123,9,0,1889,51,110,95,104,166,323,504,292,201,43,0
2022,12,읍면동,경기도 양평군 서종면,10084,558,899,611,796,1492,1806,2254,1146,446,75,1,5019,278,475,343,378,733,936,1085,591,184,16,0,5065,280,424,268,418,759,870,1169,555,262,59,1
2022,12,읍면동,경기도 양평군 양동면,4604,119,212,254,264,395,850,1258,716,439,93,4,2336,74,113,156,142,222,441,642,353,178,14,1,2268,45,99,98,122,173,409,616,363,261,79,3
2022,12,읍면동,경기도 양평군 양서면,13991,695,1053,1167,1143,1772,2494,3008,1730,814,111,4,7002,372,562,644,578,896,1228,1472,852,359,38,1,6989,323,491,523,565,876,1266,1536,878,455,73,3
2022,12,읍면동,경기도 양평군 양평읍,32224,2130,3354,3541,3216,4989,5596,5175,2675,1353,190,5,16126,1075,1722,1959,1671,2354,2890,2583,1310,518,44,0,16098,1055,1632,1582,1545,2635,2706,2592,1365,835,146,5
2022,12,읍면동,경기도 양평군 옥천면,8301,432,601,701,768,1061,1435,1818,965,458,61,1,4218,210,314,424,412,560,725,916,462,180,15,0,4083,222,287,277,356,501,710,902,503,278,46,1
2022,12,읍면동,경기도 양평군 용문면,18142,1126,1648,1587,1640,2388,2989,3469,2010,1114,169,2,9159,599,872,877,867,1210,1547,1725,966,458,38,0,8983,527,776,710,773,1178,1442,1744,1044,656,131,2
2022,12,읍면동,경기도 양평군 지평면,7020,212,366,446,405,668,1217,1855,1081,649,116,5,3558,123,219,230,210,371,627,977,530,241,30,0,3462,89,147,216,195,297,590,878,551,408,86,5
2022,12,읍면동,경기도 양평군 청운면,3796,96,136,200,198,338,655,1081,623,406,60,3,1957,60,80,115,113,198,346,558,309,159,18,1,1839,36,56,85,85,140,309,523,314,247,42,2
2022,12,시군,경기도 여주시 ,113096,6582,9439,11489,11085,15792,19993,20802,10860,6091,936,27,57514,3391,4892,6272,5903,8082,10496,10621,5305,2317,232,3,55582,3191,4547,5217,5182,7710,9497,10181,5555,3774,704,24
2022,12,읍면동,경기도 여주시 가남읍,14844,778,1170,1514,1561,2102,2645,2767,1417,777,109,4,7712,395,594,844,894,1119,1438,1402,697,299,29,1,7132,383,576,670,667,983,1207,1365,720,478,80,3
2022,12,읍면동,경기도 여주시 강천면,4324,107,254,332,286,433,905,1038,583,318,67,1,2254,54,132,189,159,235,501,529,300,135,20,0,2070,53,122,143,127,198,404,509,283,183,47,1
2022,12,읍면동,경기도 여주시 금사면,2967,84,131,178,186,254,523,839,466,257,48,1,1517,38,61,108,99,136,285,443,233,104,10,0,1450,46,70,70,87,118,238,396,233,153,38,1
2022,12,읍면동,경기도 여주시 대신면,6839,167,369,563,407,584,1181,1762,1018,675,108,5,3560,80,206,337,239,320,644,939,497,265,32,1,3279,87,163,226,168,264,537,823,521,410,76,4
2022,12,읍면동,경기도 여주시 북내면,4826,119,326,389,269,534,933,1133,609,449,65,0,2527,70,195,222,153,283,528,602,292,166,16,0,2299,49,131,167,116,251,405,531,317,283,49,0
2022,12,읍면동,경기도 여주시 산북면,2556,104,199,172,171,236,415,636,374,213,36,0,1293,47,93,97,96,123,219,330,185,92,11,0,1263,57,106,75,75,113,196,306,189,121,25,0
2022,12,읍면동,경기도 여주시 세종대왕면,6109,211,398,476,435,661,1013,1448,839,551,76,1,3171,109,190,279,236,378,580,757,424,204,14,0,2938,102,208,197,199,283,433,691,415,347,62,1
2022,12,읍면동,경기도 여주시 여흥동,21381,1214,1840,2629,2286,3338,3853,3558,1656,879,125,3,10721,629,943,1403,1200,1674,1928,1784,797,336,27,0,10660,585,897,1226,1086,1664,1925,1774,859,543,98,3
2022,12,읍면동,경기도 여주시 오학동,18498,1750,1904,1999,2431,3304,3101,2365,1068,503,69,4,9173,906,973,1040,1219,1641,1517,1197,496,170,14,0,9325,844,931,959,1212,1663,1584,1168,572,333,55,4
2022,12,읍면동,경기도 여주시 점동면,4806,196,257,401,288,417,852,1178,723,418,73,3,2473,113,147,231,166,222,452,603,372,145,22,0,2333,83,110,170,122,195,400,575,351,273,51,3
2022,12,읍면동,경기도 여주시 중앙동,20840,1684,2337,2469,2419,3428,3690,2770,1341,607,93,2,10424,852,1215,1309,1245,1667,1922,1352,616,227,19,0,10416,832,1122,1160,1174,1761,1768,1418,725,380,74,2
2022,12,읍면동,경기도 여주시 흥천면,5106,168,254,367,346,501,882,1308,766,444,67,3,2689,98,143,213,197,284,482,683,396,174,18,1,2417,70,111,154,149,217,400,625,370,270,49,2
2022,12,시군,경기도 연천군 ,42153,2311,2936,4838,3966,4588,6809,8304,4843,3123,420,15,22154,1188,1533,3102,2310,2482,3699,4339,2251,1128,116,6,19999,1123,1403,1736,1656,2106,3110,3965,2592,1995,304,9
2022,12,읍면동,경기도 연천군 군남면,3091,73,154,297,170,259,523,763,477,340,32,3,1653,40,80,201,114,150,291,419,228,119,9,2,1438,33,74,96,56,109,232,344,249,221,23,1
2022,12,읍면동,경기도 연천군 미산면,1701,38,60,112,121,110,308,508,257,157,30,0,916,23,34,62,72,72,171,287,122,66,7,0,785,15,26,50,49,38,137,221,135,91,23,0
2022,12,읍면동,경기도 연천군 백학면,2528,64,129,197,155,219,454,619,392,273,25,1,1347,32,71,127,99,121,257,331,182,121,6,0,1181,32,58,70,56,98,197,288,210,152,19,1
2022,12,읍면동,경기도 연천군 신서면,2619,50,92,293,121,210,385,652,483,296,36,1,1384,27,40,220,72,133,219,336,229,100,8,0,1235,23,52,73,49,77,166,316,254,196,28,1
2022,12,읍면동,경기도 연천군 연천읍,7325,623,388,1012,972,711,1020,1164,792,570,69,4,3973,316,213,708,592,389,583,613,340,199,19,1,3352,307,175,304,380,322,437,551,452,371,50,3
2022,12,읍면동,경기도 연천군 왕징면,1007,20,48,69,63,68,154,237,209,127,12,0,549,13,33,46,37,48,89,122,102,57,2,0,458,7,15,23,26,20,65,115,107,70,10,0
2022,12,읍면동,경기도 연천군 장남면,725,18,30,55,42,56,124,186,123,80,11,0,364,15,11,37,18,34,61,96,57,34,1,0,361,3,19,18,24,22,63,90,66,46,10,0
2022,12,읍면동,경기도 연천군 전곡읍,18732,1298,1832,2185,2047,2540,3079,3103,1545,936,161,6,9576,668,937,1251,1128,1289,1613,1582,738,316,51,3,9156,630,895,934,919,1251,1466,1521,807,620,110,3
2022,12,읍면동,경기도 연천군 중면,188,4,9,34,19,15,24,45,20,17,1,0,113,2,6,31,11,7,11,28,11,6,0,0,75,2,3,3,8,8,13,17,9,11,1,0
2022,12,읍면동,경기도 연천군 청산면,4237,123,194,584,256,400,738,1027,545,327,43,0,2279,52,108,419,167,239,404,525,242,110,13,0,1958,71,86,165,89,161,334,502,303,217,30,0
2022,12,시군,경기도 오산시 ,229833,19944,25332,30011,36038,44605,34816,23196,10442,4839,599,11,119600,10141,13067,16330,19872,23792,18232,11516,4702,1815,132,1,110233,9803,12265,13681,16166,20813,16584,11680,5740,3024,467,10
2022,12,읍면동,경기도 오산시 남촌동,20555,785,1086,3516,4947,4047,3011,1911,830,381,40,1,12393,378,565,2097,3250,2578,1881,1085,398,154,7,0,8162,407,521,1419,1697,1469,1130,826,432,227,33,1
2022,12,읍면동,경기도 오산시 대원동,64719,5205,7168,9477,9748,12057,10374,6303,2905,1313,167,2,33754,2668,3777,5188,5429,6368,5397,3091,1278,514,43,1,30965,2537,3391,4289,4319,5689,4977,3212,1627,799,124,1
2022,12,읍면동,경기도 오산시 세마동,31895,3551,3523,3829,5311,6413,4407,3047,1212,517,82,3,16366,1803,1814,2032,2786,3336,2270,1513,611,187,14,0,15529,1748,1709,1797,2525,3077,2137,1534,601,330,68,3
2022,12,읍면동,경기도 오산시 신장동,60609,5838,7515,6740,8675,12281,8690,6389,2947,1355,175,4,30683,2961,3852,3555,4534,6480,4419,3043,1313,491,35,0,29926,2877,3663,3185,4141,5801,4271,3346,1634,864,140,4
2022,12,읍면동,경기도 오산시 중앙동,35306,3401,4157,4180,4976,6650,5640,3683,1664,862,92,1,17718,1738,2067,2212,2540,3384,2882,1833,715,327,20,0,17588,1663,2090,1968,2436,3266,2758,1850,949,535,72,1
2022,12,읍면동,경기도 오산시 초평동,16749,1164,1883,2269,2381,3157,2694,1863,884,411,43,0,8686,593,992,1246,1333,1646,1383,951,387,142,13,0,8063,571,891,1023,1048,1511,1311,912,497,269,30,0
2022,12,시군,경기도 용인시 ,1075570,88110,121442,135136,136436,194626,176193,117503,67973,33349,4660,142,533662,45055,62111,70696,68070,95707,89151,56927,30392,14239,1284,30,541908,43055,59331,64440,68366,98919,87042,60576,37581,19110,3376,112
2022,12,구,경기도 용인시 기흥구 ,438500,36198,50692,56013,54469,80705,72176,45509,27220,13554,1899,65,216331,18537,25908,29363,27002,39224,36257,21669,11951,5859,542,19,222169,17661,24784,26650,27467,41481,35919,23840,15269,7695,1357,46
2022,12,읍면동,경기도 용인시 기흥구 구갈동,41315,3784,3361,6340,7038,7098,6784,4003,1963,819,122,3,20712,1938,1749,3188,3511,3665,3409,1980,906,344,21,1,20603,1846,1612,3152,3527,3433,3375,2023,1057,475,101,2
2022,12,읍면동,경기도 용인시 기흥구 구성동,39985,2881,4858,4355,4016,7375,6577,4654,3356,1659,246,8,19293,1484,2495,2282,1969,3482,3282,2074,1400,774,50,1,20692,1397,2363,2073,2047,3893,3295,2580,1956,885,196,7
2022,12,읍면동,경기도 용인시 기흥구 기흥동,21489,1556,2104,2555,2671,3756,3576,2906,1551,720,92,2,10672,780,1082,1392,1395,1864,1748,1384,691,316,19,1,10817,776,1022,1163,1276,1892,1828,1522,860,404,73,1
2022,12,읍면동,경기도 용인시 기흥구 동백1동,32473,2768,5571,3703,2845,7383,5370,2401,1575,757,99,1,15562,1341,2822,1872,1282,3432,2795,1085,620,285,28,0,16911,1427,2749,1831,1563,3951,2575,1316,955,472,71,1
2022,12,읍면동,경기도 용인시 기흥구 동백2동,27090,2148,4579,3376,2118,5756,4829,2239,1327,643,71,4,13299,1100,2361,1729,949,2615,2574,1072,577,298,22,2,13791,1048,2218,1647,1169,3141,2255,1167,750,345,49,2
2022,12,읍면동,경기도 용인시 기흥구 동백3동,26872,3020,3510,2553,3439,5570,3513,2306,1827,1008,124,2,13057,1586,1781,1267,1599,2709,1765,1043,799,458,49,1,13815,1434,1729,1286,1840,2861,1748,1263,1028,550,75,1
2022,12,읍면동,경기도 용인시 기흥구 마북동,31681,2218,3054,3979,3707,5168,5301,3852,2803,1397,192,10,15466,1141,1569,2087,1862,2469,2556,1806,1237,666,68,5,16215,1077,1485,1892,1845,2699,2745,2046,1566,731,124,5
2022,12,읍면동,경기도 용인시 기흥구 보라동,33031,2486,4290,3978,3384,6190,5606,3602,2283,1075,128,9,16278,1268,2190,2059,1645,3031,2817,1731,1028,463,44,2,16753,1218,2100,1919,1739,3159,2789,1871,1255,612,84,7
2022,12,읍면동,경기도 용인시 기흥구 보정동,35760,2805,4497,4142,3620,6912,5825,3661,2751,1353,189,5,17540,1469,2301,2118,1712,3236,2982,1751,1249,656,65,1,18220,1336,2196,2024,1908,3676,2843,1910,1502,697,124,4
2022,12,읍면동,경기도 용인시 기흥구 상갈동,13224,821,1177,1925,1943,2147,2354,1443,888,486,40,0,6883,443,586,1085,1052,1120,1265,718,391,216,7,0,6341,378,591,840,891,1027,1089,725,497,270,33,0
2022,12,읍면동,경기도 용인시 기흥구 상하동,23999,1563,2597,3228,2574,3847,4658,3028,1579,796,122,7,11652,840,1332,1674,1249,1828,2250,1458,691,302,28,0,12347,723,1265,1554,1325,2019,2408,1570,888,494,94,7
2022,12,읍면동,경기도 용인시 기흥구 서농동,26115,2644,2771,5135,4097,4651,3307,2174,907,381,48,0,13423,1328,1364,3012,2113,2374,1610,1058,403,147,14,0,12692,1316,1407,2123,1984,2277,1697,1116,504,234,34,0
2022,12,읍면동,경기도 용인시 기흥구 신갈동,37867,2983,3465,4798,5822,6348,6327,4336,2351,1284,147,6,18894,1508,1782,2435,3027,3197,3205,2172,1008,513,45,2,18973,1475,1683,2363,2795,3151,3122,2164,1343,771,102,4
2022,12,읍면동,경기도 용인시 기흥구 영덕1동,30183,2768,3658,3702,4149,5705,5339,2956,1262,546,94,4,15002,1426,1894,1946,2103,2783,2668,1403,572,190,15,2,15181,1342,1764,1756,2046,2922,2671,1553,690,356,79,2
2022,12,읍면동,경기도 용인시 기흥구 영덕2동,17416,1753,1200,2244,3046,2799,2810,1948,797,630,185,4,8598,885,600,1217,1534,1419,1331,934,379,231,67,1,8818,868,600,1027,1512,1380,1479,1014,418,399,118,3
2022,12,구,경기도 용인시 수지구 ,377198,33326,45543,45388,49557,70871,59595,36398,23654,11335,1489,42,183887,16946,23174,22910,23634,33906,29877,17276,10480,5210,468,6,193311,16380,22369,22478,25923,36965,29718,19122,13174,6125,1021,36
2022,12,읍면동,경기도 용인시 수지구 동천동,50608,5403,5556,5543,7519,9805,7631,5056,2812,1113,163,7,24918,2814,2815,2793,3494,4831,3874,2422,1295,530,48,2,25690,2589,2741,2750,4025,4974,3757,2634,1517,583,115,5
2022,12,읍면동,경기도 용인시 수지구 상현1동,20100,1799,2788,2225,2233,3892,3197,1845,1376,633,108,4,9623,902,1375,1094,1005,1830,1619,865,604,302,26,1,10477,897,1413,1131,1228,2062,1578,980,772,331,82,3
2022,12,읍면동,경기도 용인시 수지구 상현2동,32897,2891,4161,3646,3884,6248,5240,3174,2351,1174,125,3,15958,1472,2160,1851,1818,2999,2571,1465,1036,544,40,2,16939,1419,2001,1795,2066,3249,2669,1709,1315,630,85,1
2022,12,읍면동,경기도 용인시 수지구 상현3동,27676,2433,3305,3887,4023,5157,4284,2420,1418,662,85,2,13363,1207,1704,1821,1921,2487,2123,1132,627,318,23,0,14313,1226,1601,2066,2102,2670,2161,1288,791,344,62,2
2022,12,읍면동,경기도 용인시 수지구 성복동,54534,5058,6913,5660,5497,10439,8661,5843,4417,1817,225,4,26318,2590,3416,2893,2400,4844,4389,2729,2039,950,68,0,28216,2468,3497,2767,3097,5595,4272,3114,2378,867,157,4
2022,12,읍면동,경기도 용인시 수지구 신봉동,40760,3537,5491,4293,4569,8045,6692,3797,2831,1328,176,1,19715,1774,2784,2182,2139,3726,3370,1806,1230,650,54,0,21045,1763,2707,2111,2430,4319,3322,1991,1601,678,122,1
2022,12,읍면동,경기도 용인시 수지구 죽전1동,28674,2117,3494,3714,3132,5167,4882,3087,1893,1058,125,5,13894,1039,1804,1894,1499,2424,2378,1507,810,496,43,0,14780,1078,1690,1820,1633,2743,2504,1580,1083,562,82,5
2022,12,읍면동,경기도 용인시 수지구 죽전2동,18165,1356,1476,2681,3141,2905,2949,1915,1081,561,96,4,9033,709,750,1408,1588,1441,1431,934,505,229,38,0,9132,647,726,1273,1553,1464,1518,981,576,332,58,4
2022,12,읍면동,경기도 용인시 수지구 죽전3동,26746,2078,3211,3995,3362,4809,4305,2606,1528,754,94,4,12929,1051,1636,2012,1592,2309,2128,1203,658,304,35,1,13817,1027,1575,1983,1770,2500,2177,1403,870,450,59,3
2022,12,읍면동,경기도 용인시 수지구 풍덕천1동,35703,2466,3425,4922,6283,5618,5529,3882,2255,1160,155,8,17865,1286,1798,2556,3385,2758,2752,1824,991,466,49,0,17838,1180,1627,2366,2898,2860,2777,2058,1264,694,106,8
2022,12,읍면동,경기도 용인시 수지구 풍덕천2동,41335,4188,5723,4822,5914,8786,6225,2773,1692,1075,137,0,20271,2102,2932,2406,2793,4257,3242,1389,685,421,44,0,21064,2086,2791,2416,3121,4529,2983,1384,1007,654,93,0
2022,12,구,경기도 용인시 처인구 ,259872,18586,25207,33735,32410,43050,44422,35596,17099,8460,1272,35,133444,9572,13029,18423,17434,22577,23017,17982,7961,3170,274,5,126428,9014,12178,15312,14976,20473,21405,17614,9138,5290,998,30
2022,12,읍면동,경기도 용인시 처인구 남사읍,23714,2890,2355,1642,3698,4564,3042,3065,1668,687,100,3,11979,1484,1158,884,1838,2428,1564,1496,841,267,18,1,11735,1406,1197,758,1860,2136,1478,1569,827,420,82,2
2022,12,읍면동,경기도 용인시 처인구 동부동,13202,634,1081,1728,1431,1898,2587,2246,1076,434,82,5,6830,335,569,958,813,1008,1301,1145,510,163,27,1,6372,299,512,770,618,890,1286,1101,566,271,55,4
2022,12,읍면동,경기도 용인시 처인구 모현읍,26760,1696,2386,3293,2917,4472,4849,4117,1974,916,137,3,14001,897,1248,1810,1559,2386,2614,2147,951,364,25,0,12759,799,1138,1483,1358,2086,2235,1970,1023,552,112,3
2022,12,읍면동,경기도 용인시 처인구 백암면,8411,223,524,803,714,968,1486,1950,965,684,92,2,4597,123,300,505,423,601,865,1028,484,248,19,1,3814,100,224,298,291,367,621,922,481,436,73,1
2022,12,읍면동,경기도 용인시 처인구 삼가동,12541,936,1236,1819,1570,2021,2326,1519,706,356,52,0,6171,487,633,940,796,961,1136,739,327,137,15,0,6370,449,603,879,774,1060,1190,780,379,219,37,0
2022,12,읍면동,경기도 용인시 처인구 양지면,20016,1117,2220,2407,2464,3090,3526,3113,1262,688,124,5,10699,602,1228,1358,1440,1689,1857,1630,624,248,22,1,9317,515,992,1049,1024,1401,1669,1483,638,440,102,4
2022,12,읍면동,경기도 용인시 처인구 역북동,31896,3265,3225,5308,5303,5713,4273,2829,1355,555,69,1,16108,1678,1614,2772,2718,2957,2098,1410,615,230,15,1,15788,1587,1611,2536,2585,2756,2175,1419,740,325,54,0
2022,12,읍면동,경기도 용인시 처인구 원삼면,8047,308,531,688,656,983,1532,1812,952,510,73,2,4182,150,264,404,373,536,821,924,500,194,16,0,3865,158,267,284,283,447,711,888,452,316,57,2
2022,12,읍면동,경기도 용인시 처인구 유림동,36110,2810,4130,4792,4336,6552,6560,3962,1916,923,126,3,18255,1427,2107,2615,2233,3302,3371,1980,825,360,35,0,17855,1383,2023,2177,2103,3250,3189,1982,1091,563,91,3
2022,12,읍면동,경기도 용인시 처인구 이동읍,20509,1324,1769,2129,2331,3223,3801,3347,1565,871,144,5,10534,663,923,1199,1328,1754,1979,1671,698,292,27,0,9975,661,846,930,1003,1469,1822,1676,867,579,117,5
2022,12,읍면동,경기도 용인시 처인구 중앙동,25047,1428,2077,4299,3271,3761,4284,3393,1620,781,128,5,12714,719,1052,2290,1831,1977,2152,1671,703,288,31,0,12333,709,1025,2009,1440,1784,2132,1722,917,493,97,5
2022,12,읍면동,경기도 용인시 처인구 포곡읍,33619,1955,3673,4827,3719,5805,6156,4243,2040,1055,145,1,17374,1007,1933,2688,2082,2978,3259,2141,883,379,24,0,16245,948,1740,2139,1637,2827,2897,2102,1157,676,121,1
2022,12,시군,경기도 의왕시 ,160464,11990,13783,21196,22349,23523,28554,24061,9510,4690,785,23,79541,6149,7127,11112,11424,11811,13660,11801,4563,1713,179,2,80923,5841,6656,10084,10925,11712,14894,12260,4947,2977,606,21
2022,12,읍면동,경기도 의왕시 고천동,13929,879,889,1950,2830,1634,1893,2248,1035,461,107,3,7072,469,483,1003,1530,862,924,1075,516,184,26,0,6857,410,406,947,1300,772,969,1173,519,277,81,3
2022,12,읍면동,경기도 의왕시 내손1동,20366,1335,1847,3036,2318,2876,3981,3162,1101,588,117,5,9956,685,967,1557,1137,1397,1873,1579,516,214,31,0,10410,650,880,1479,1181,1479,2108,1583,585,374,86,5
2022,12,읍면동,경기도 의왕시 내손2동,21937,2080,2034,2766,3228,3382,3876,2891,1012,570,95,3,10733,1071,1043,1429,1569,1689,1813,1434,465,202,18,0,11204,1009,991,1337,1659,1693,2063,1457,547,368,77,3
2022,12,읍면동,경기도 의왕시 부곡동,28017,1989,2231,3646,3927,4141,4847,4030,1959,1105,139,3,14161,1018,1180,1969,2079,2205,2415,1981,875,399,38,2,13856,971,1051,1677,1848,1936,2432,2049,1084,706,101,1
2022,12,읍면동,경기도 의왕시 오전동,38735,2719,3727,4935,4803,5867,7027,6114,2370,1014,155,4,19247,1347,1949,2631,2433,2883,3388,3011,1176,398,31,0,19488,1372,1778,2304,2370,2984,3639,3103,1194,616,124,4
2022,12,읍면동,경기도 의왕시 청계동,37480,2988,3055,4863,5243,5623,6930,5616,2033,952,172,5,18372,1559,1505,2523,2676,2775,3247,2721,1015,316,35,0,19108,1429,1550,2340,2567,2848,3683,2895,1018,636,137,5
2022,12,시군,경기도 의정부시 ,463789,31553,41065,62441,60432,72355,81404,64053,32121,16268,2044,53,228148,16362,21022,31446,30970,36600,39953,31014,14195,6104,472,10,235641,15191,20043,30995,29462,35755,41451,33039,17926,10164,1572,43
2022,12,읍면동,경기도 의정부시 가능동,25188,1359,1874,3238,3219,3548,4746,4054,2022,1019,105,4,12585,699,972,1707,1732,1823,2350,1995,907,382,18,0,12603,660,902,1531,1487,1725,2396,2059,1115,637,87,4
2022,12,읍면동,경기도 의정부시 녹양동,20867,1157,2011,2689,2300,3213,3808,3177,1579,796,132,5,10350,614,1078,1416,1176,1614,1903,1539,683,298,29,0,10517,543,933,1273,1124,1599,1905,1638,896,498,103,5
2022,12,읍면동,경기도 의정부시 송산1동,49458,4488,4107,6261,8174,7736,8311,6185,2593,1399,199,5,24554,2314,2106,3199,4181,4005,3993,3037,1208,476,34,1,24904,2174,2001,3062,3993,3731,4318,3148,1385,923,165,4
2022,12,읍면동,경기도 의정부시 송산2동,32720,2361,3969,4409,3514,5757,6213,3373,1898,1068,151,7,16177,1221,2017,2304,1763,2803,3143,1673,811,409,31,2,16543,1140,1952,2105,1751,2954,3070,1700,1087,659,120,5
2022,12,읍면동,경기도 의정부시 송산3동,46324,5714,5510,4811,7075,9544,6441,4372,1903,829,122,3,22470,2948,2778,2372,3287,4796,3098,2051,850,260,29,1,23854,2766,2732,2439,3788,4748,3343,2321,1053,569,93,2
2022,12,읍면동,경기도 의정부시 신곡1동,40776,2297,3377,5436,4585,6021,8101,6393,2930,1461,173,2,19978,1196,1717,2801,2406,2967,3839,3143,1331,547,31,0,20798,1101,1660,2635,2179,3054,4262,3250,1599,914,142,2
2022,12,읍면동,경기도 의정부시 신곡2동,46394,2990,4651,6365,5273,6933,8714,6718,2995,1536,216,3,22460,1549,2429,3256,2612,3377,4106,3220,1303,560,48,0,23934,1441,2222,3109,2661,3556,4608,3498,1692,976,168,3
2022,12,읍면동,경기도 의정부시 의정부1동,37332,1825,1901,7062,6566,5160,5876,5212,2383,1200,145,2,19023,975,943,3258,3549,2898,3178,2654,1094,446,28,0,18309,850,958,3804,3017,2262,2698,2558,1289,754,117,2
2022,12,읍면동,경기도 의정부시 의정부2동,30327,1494,1997,5135,4449,4351,5330,4306,2128,1019,117,1,15029,784,1072,2498,2382,2259,2627,2085,907,385,30,0,15298,710,925,2637,2067,2092,2703,2221,1221,634,87,1
2022,12,읍면동,경기도 의정부시 자금동,26624,1636,2318,3729,3098,3811,5050,3879,1883,1082,135,3,13017,822,1192,1897,1595,1903,2480,1873,824,390,40,1,13607,814,1126,1832,1503,1908,2570,2006,1059,692,95,2
2022,12,읍면동,경기도 의정부시 장암동,19495,1212,1948,2140,2024,3113,3336,3013,1691,902,112,4,9332,620,993,1087,1007,1519,1599,1449,719,317,21,1,10163,592,955,1053,1017,1594,1737,1564,972,585,91,3
2022,12,읍면동,경기도 의정부시 호원1동,35231,1906,2722,4431,4107,5296,6037,5426,3577,1565,160,4,17090,998,1357,2166,2095,2710,2935,2497,1606,678,45,3,18141,908,1365,2265,2012,2586,3102,2929,1971,887,115,1
2022,12,읍면동,경기도 의정부시 호원2동,33857,2030,3141,4260,3651,5186,5947,4851,3023,1582,182,4,16316,1048,1573,2171,1860,2486,2926,2239,1293,652,67,1,17541,982,1568,2089,1791,2700,3021,2612,1730,930,115,3
2022,12,읍면동,경기도 의정부시 흥선동,19196,1084,1539,2475,2397,2686,3494,3094,1516,810,95,6,9767,574,795,1314,1325,1440,1776,1559,659,304,21,0,9429,510,744,1161,1072,1246,1718,1535,857,506,74,6
2022,12,시군,경기도 이천시 ,223151,16716,22497,30409,30476,34971,35768,29859,13894,7516,1018,27,116138,8595,11662,17456,16616,18253,18574,15407,6537,2783,250,5,107013,8121,10835,12953,13860,16718,17194,14452,7357,4733,768,22
2022,12,읍면동,경기도 이천시 관고동,9915,521,713,1373,1281,1378,1840,1694,741,340,32,2,5136,270,345,726,752,732,944,887,347,125,8,0,4779,251,368,647,529,646,896,807,394,215,24,2
2022,12,읍면동,경기도 이천시 대월면,14412,988,1136,2612,2436,2180,1970,1680,860,480,69,1,7382,501,581,1289,1322,1219,1025,849,420,162,14,0,7030,487,555,1323,1114,961,945,831,440,318,55,1
2022,12,읍면동,경기도 이천시 마장면,15911,1615,1485,2277,2883,2301,2078,1818,912,467,73,2,8667,849,712,1379,1640,1347,1141,963,441,176,18,1,7244,766,773,898,1243,954,937,855,471,291,55,1
2022,12,읍면동,경기도 이천시 모가면,4302,104,230,355,320,465,785,1032,570,394,47,0,2308,55,140,219,200,271,434,556,276,148,9,0,1994,49,90,136,120,194,351,476,294,246,38,0
2022,12,읍면동,경기도 이천시 백사면,11480,683,860,1263,1258,1599,2163,2007,974,578,92,3,5854,366,462,703,630,851,1078,1047,452,240,24,1,5626,317,398,560,628,748,1085,960,522,338,68,2
2022,12,읍면동,경기도 이천시 부발읍,36083,2689,4312,5228,4934,6465,5789,3918,1757,889,100,2,19202,1377,2229,3233,2702,3311,3104,2061,821,337,27,0,16881,1312,2083,1995,2232,3154,2685,1857,936,552,73,2
2022,12,읍면동,경기도 이천시 설성면,4625,141,205,369,349,453,777,1129,681,457,62,2,2465,66,104,227,213,277,451,609,336,167,15,0,2160,75,101,142,136,176,326,520,345,290,47,2
2022,12,읍면동,경기도 이천시 신둔면,14127,965,1030,1558,1749,1970,2717,2448,1074,543,70,3,7372,486,552,839,967,1066,1384,1325,529,208,15,1,6755,479,478,719,782,904,1333,1123,545,335,55,2
2022,12,읍면동,경기도 이천시 율면,2621,49,107,173,148,200,411,739,397,336,59,2,1363,26,56,108,97,126,218,402,182,133,15,0,1258,23,51,65,51,74,193,337,215,203,44,2
2022,12,읍면동,경기도 이천시 장호원읍,14309,810,1294,1466,1332,1962,2327,2655,1480,862,118,3,7247,421,662,835,738,1010,1221,1323,699,312,26,0,7062,389,632,631,594,952,1106,1332,781,550,92,3
2022,12,읍면동,경기도 이천시 중리동,15119,877,860,3076,2563,1872,2231,2117,989,469,62,3,8703,452,458,2139,1683,1044,1154,1085,472,197,17,2,6416,425,402,937,880,828,1077,1032,517,272,45,1
2022,12,읍면동,경기도 이천시 증포동,57292,6211,8207,7291,8341,11057,8825,4816,1620,813,108,3,28577,3174,4265,3896,3961,5385,4444,2473,691,265,23,0,28715,3037,3942,3395,4380,5672,4381,2343,929,548,85,3
2022,12,읍면동,경기도 이천시 창전동,16691,798,1393,2654,2200,2375,2781,2621,1250,546,72,1,8448,411,709,1453,1303,1213,1347,1204,591,192,25,0,8243,387,684,1201,897,1162,1434,1417,659,354,47,1
2022,12,읍면동,경기도 이천시 호법면,6264,265,665,714,682,694,1074,1185,589,342,54,0,3414,141,387,410,408,401,629,623,280,121,14,0,2850,124,278,304,274,293,445,562,309,221,40,0
2022,12,시군,경기도 파주시 ,494970,42587,51566,59133,69842,84588,79871,58400,29777,16723,2414,69,251183,21783,26313,32066,36576,43467,41564,29362,13202,6243,589,18,243787,20804,25253,27067,33266,41121,38307,29038,16575,10480,1825,51
2022,12,읍면동,경기도 파주시 광탄면,10927,386,582,1073,969,1195,2172,2420,1250,738,137,5,5964,195,308,666,589,710,1238,1340,622,267,27,2,4963,191,274,407,380,485,934,1080,628,471,110,3
2022,12,읍면동,경기도 파주시 교하동,65669,7675,7121,7368,11842,11756,9647,5876,2731,1407,242,4,33123,3952,3658,3764,5997,5958,5010,3000,1211,528,45,0,32546,3723,3463,3604,5845,5798,4637,2876,1520,879,197,4
2022,12,읍면동,경기도 파주시 금촌1동,22349,927,1428,3380,2975,3120,4168,3491,1771,937,147,5,12014,490,740,1932,1796,1717,2358,1822,777,342,37,3,10335,437,688,1448,1179,1403,1810,1669,994,595,110,2
2022,12,읍면동,경기도 파주시 금촌2동,32065,2660,4080,3924,4014,5619,5424,3371,1782,1048,142,1,15679,1375,2119,2018,2012,2660,2764,1582,741,383,25,0,16386,1285,1961,1906,2002,2959,2660,1789,1041,665,117,1
2022,12,읍면동,경기도 파주시 금촌3동,26597,1911,2588,3549,3384,4084,4811,3457,1751,922,138,2,13561,957,1370,1965,1800,2119,2438,1716,806,357,33,0,13036,954,1218,1584,1584,1965,2373,1741,945,565,105,2
2022,12,읍면동,경기도 파주시 문산읍,47875,4202,4955,5410,7082,7634,6981,5934,3357,2072,240,8,24697,2114,2537,3135,3913,4147,3658,2913,1472,726,80,2,23178,2088,2418,2275,3169,3487,3323,3021,1885,1346,160,6
2022,12,읍면동,경기도 파주시 법원읍,10234,282,595,1233,890,1011,1964,2221,1199,727,111,1,5459,153,313,760,525,575,1077,1194,565,266,31,0,4775,129,282,473,365,436,887,1027,634,461,80,1
2022,12,읍면동,경기도 파주시 운정1동,52810,4684,6367,6528,7486,9933,8514,5352,2463,1290,189,4,25964,2362,3202,3246,3790,4889,4210,2633,1078,505,49,0,26846,2322,3165,3282,3696,5044,4304,2719,1385,785,140,4
2022,12,읍면동,경기도 파주시 운정2동,62253,7779,8154,6171,10103,12764,8388,4856,2576,1280,175,7,30318,3989,4087,3007,4843,6414,4194,2234,1028,473,46,3,31935,3790,4067,3164,5260,6350,4194,2622,1548,807,129,4
2022,12,읍면동,경기도 파주시 운정3동,86445,8773,10390,10178,12605,17300,13468,7825,3731,1934,233,8,42096,4472,5281,5027,6101,8520,6645,3682,1553,749,64,2,44349,4301,5109,5151,6504,8780,6823,4143,2178,1185,169,6
2022,12,읍면동,경기도 파주시 월롱면,9526,130,226,2776,1658,1046,1352,1303,620,345,70,0,6422,69,126,2097,1313,770,875,728,305,124,15,0,3104,61,100,679,345,276,477,575,315,221,55,0
2022,12,읍면동,경기도 파주시 장단면,718,26,44,53,61,72,144,125,116,68,9,0,378,14,17,33,29,46,83,69,49,33,5,0,340,12,27,20,32,26,61,56,67,35,4,0
2022,12,읍면동,경기도 파주시 적성면,7250,510,479,840,887,749,1093,1318,842,460,67,5,3947,267,267,571,516,419,589,729,386,186,16,1,3303,243,212,269,371,330,504,589,456,274,51,4
2022,12,읍면동,경기도 파주시 조리읍,29127,1455,2596,3332,2757,4191,5713,5019,2438,1441,180,5,14799,746,1276,1837,1493,2164,2964,2578,1127,570,43,1,14328,709,1320,1495,1264,2027,2749,2441,1311,871,137,4
2022,12,읍면동,경기도 파주시 탄현면,13297,543,926,1423,1427,1981,2632,2312,1184,736,127,6,7298,287,488,841,874,1143,1535,1256,570,278,26,0,5999,256,438,582,553,838,1097,1056,614,458,101,6
2022,12,읍면동,경기도 파주시 파주읍,14063,567,878,1483,1482,1835,2684,2645,1427,919,138,5,7472,294,439,897,849,1050,1517,1420,659,310,34,3,6591,273,439,586,633,785,1167,1225,768,609,104,2
2022,12,읍면동,경기도 파주시 파평면,3765,77,157,412,220,298,716,875,539,399,69,3,1992,47,85,270,136,166,409,466,253,146,13,1,1773,30,72,142,84,132,307,409,286,253,56,2
2022,12,시군,경기도 평택시 ,577335,49319,55330,77945,88871,99783,94111,64233,29574,16008,2108,53,302598,25048,28376,43925,49580,53705,49884,32558,13202,5826,485,9,274737,24271,26954,34020,39291,46078,44227,31675,16372,10182,1623,44
2022,12,읍면동,경기도 평택시 고덕동,28409,4264,2114,4616,7427,4735,3120,1425,494,171,41,2,15114,2092,1041,2645,4079,2627,1593,727,246,50,13,1,13295,2172,1073,1971,3348,2108,1527,698,248,121,28,1
2022,12,읍면동,경기도 평택시 고덕면,13289,1025,870,1836,2151,1946,2296,1729,877,491,67,1,7101,501,443,1108,1268,1127,1170,857,434,180,13,0,6188,524,427,728,883,819,1126,872,443,311,54,1
2022,12,읍면동,경기도 평택시 동삭동,37705,5396,3741,4440,8546,7459,4601,2399,770,304,48,1,19638,2779,1872,2402,4505,4108,2346,1153,365,98,10,0,18067,2617,1869,2038,4041,3351,2255,1246,405,206,38,1
2022,12,읍면동,경기도 평택시 비전1동,51920,5149,6426,6450,7572,10167,8323,4700,2015,988,130,0,26109,2647,3317,3429,3801,5022,4265,2355,885,362,26,0,25811,2502,3109,3021,3771,5145,4058,2345,1130,626,104,0
2022,12,읍면동,경기도 평택시 비전2동,58138,5933,6477,7374,9035,10000,9514,5983,2409,1260,147,6,28851,3025,3350,3839,4558,4916,4617,2997,1039,475,35,0,29287,2908,3127,3535,4477,5084,4897,2986,1370,785,112,6
2022,12,읍면동,경기도 평택시 서정동,24727,1050,2161,3453,2936,3932,4820,3545,1732,976,117,5,12711,497,1127,1963,1705,2130,2513,1678,706,351,40,1,12016,553,1034,1490,1231,1802,2307,1867,1026,625,77,4
2022,12,읍면동,경기도 평택시 서탄면,3583,117,176,315,340,429,662,757,478,270,38,1,2003,54,106,206,216,266,411,411,231,94,8,0,1580,63,70,109,124,163,251,346,247,176,30,1
2022,12,읍면동,경기도 평택시 세교동,33309,3067,3107,4700,5314,5359,5908,3605,1393,779,74,3,16861,1557,1555,2527,2858,2724,2937,1799,603,287,14,0,16448,1510,1552,2173,2456,2635,2971,1806,790,492,60,3
2022,12,읍면동,경기도 평택시 송북동,21964,1370,2071,2834,2578,3601,4167,3121,1370,732,113,7,11057,689,1040,1574,1334,1868,2125,1563,576,262,24,2,10907,681,1031,1260,1244,1733,2042,1558,794,470,89,5
2022,12,읍면동,경기도 평택시 송탄동,22320,2580,1989,2736,4127,4072,3488,2137,740,391,60,0,11682,1341,971,1496,2208,2247,1774,1130,355,148,12,0,10638,1239,1018,1240,1919,1825,1714,1007,385,243,48,0
2022,12,읍면동,경기도 평택시 신장1동,7166,539,483,995,1290,1191,1138,815,425,249,41,0,3775,276,249,574,712,688,619,413,155,80,9,0,3391,263,234,421,578,503,519,402,270,169,32,0
2022,12,읍면동,경기도 평택시 신장2동,5315,156,266,695,662,730,923,920,554,358,50,1,2910,81,151,434,411,445,539,468,234,135,12,0,2405,75,115,261,251,285,384,452,320,223,38,1
2022,12,읍면동,경기도 평택시 신평동,21346,834,1525,3801,2907,3061,3857,2955,1512,809,83,2,11193,440,823,2083,1753,1641,2018,1452,657,308,17,1,10153,394,702,1718,1154,1420,1839,1503,855,501,66,1
2022,12,읍면동,경기도 평택시 안중읍,43693,3350,5548,5813,5385,8209,7612,4421,2065,1128,158,4,22682,1686,2803,3163,3078,4179,4148,2266,914,407,37,1,21011,1664,2745,2650,2307,4030,3464,2155,1151,721,121,3
2022,12,읍면동,경기도 평택시 오성면,6635,279,442,661,563,865,1240,1304,713,502,65,1,3565,154,214,392,353,518,707,698,341,171,17,0,3070,125,228,269,210,347,533,606,372,331,48,1
2022,12,읍면동,경기도 평택시 용이동,25926,3059,3334,3547,4363,5425,3565,1728,602,274,29,0,13684,1625,1725,1919,2388,2840,1920,884,288,89,6,0,12242,1434,1609,1628,1975,2585,1645,844,314,185,23,0
2022,12,읍면동,경기도 평택시 원평동,13489,749,838,2123,2360,1907,2251,1782,929,493,56,1,7140,369,432,1211,1401,1048,1206,856,410,195,12,0,6349,380,406,912,959,859,1045,926,519,298,44,1
2022,12,읍면동,경기도 평택시 중앙동,44283,2463,4435,7840,5357,7069,8239,5168,2324,1235,149,4,23274,1234,2279,4643,3194,3695,4215,2556,996,427,35,0,21009,1229,2156,3197,2163,3374,4024,2612,1328,808,114,4
2022,12,읍면동,경기도 평택시 지산동,12967,550,900,2505,2311,2145,2108,1357,703,351,37,0,7283,246,451,1513,1491,1272,1181,688,297,137,7,0,5684,304,449,992,820,873,927,669,406,214,30,0
2022,12,읍면동,경기도 평택시 진위면,11395,422,761,1388,1374,1718,2048,2023,1047,539,72,3,6296,208,384,842,903,1052,1117,1071,496,209,14,0,5099,214,377,546,471,666,931,952,551,330,58,3
2022,12,읍면동,경기도 평택시 청북읍,27200,3504,3549,2315,4263,5894,3270,2487,1186,612,116,4,14531,1801,1872,1295,2237,3300,1910,1278,594,224,19,1,12669,1703,1677,1020,2026,2594,1360,1209,592,388,97,3
2022,12,읍면동,경기도 평택시 통복동,3984,104,179,604,419,471,754,769,445,211,27,1,2114,49,100,356,271,277,399,380,187,86,9,0,1870,55,79,248,148,194,355,389,258,125,18,1
2022,12,읍면동,경기도 평택시 팽성읍,28993,1604,1871,3155,3407,4216,5192,4915,2714,1704,210,5,15313,830,986,1830,1975,2342,2948,2540,1188,620,52,2,13680,774,885,1325,1432,1874,2244,2375,1526,1084,158,3
2022,12,읍면동,경기도 평택시 포승읍,24617,1603,1839,3371,3858,4640,4149,3048,1314,695,100,0,15075,786,963,2252,2682,3042,2696,1738,638,254,24,0,9542,817,876,1119,1176,1598,1453,1310,676,441,76,0
2022,12,읍면동,경기도 평택시 현덕면,4962,152,228,378,326,542,866,1140,763,486,80,1,2636,81,122,229,199,331,510,600,367,177,20,0,2326,71,106,149,127,211,356,540,396,309,60,1
2022,12,시군,경기도 포천시 ,147019,7510,11322,17270,14395,18786,28606,28068,12655,7331,1043,33,77866,3852,5913,9941,8120,10100,15690,15278,6039,2677,244,12,69153,3658,5409,7329,6275,8686,12916,12790,6616,4654,799,21
2022,12,읍면동,경기도 포천시 가산면,7459,177,350,688,579,793,1721,1880,727,475,67,2,4371,90,178,421,331,537,1065,1155,388,194,11,1,3088,87,172,267,248,256,656,725,339,281,56,1
2022,12,읍면동,경기도 포천시 관인면,2624,33,121,191,124,209,477,691,473,272,31,2,1363,14,53,124,82,127,254,375,225,103,4,2,1261,19,68,67,42,82,223,316,248,169,27,0
2022,12,읍면동,경기도 포천시 군내면,8479,513,531,858,1054,1067,1525,1689,735,440,66,1,4577,271,261,503,596,592,852,954,377,159,12,0,3902,242,270,355,458,475,673,735,358,281,54,1
2022,12,읍면동,경기도 포천시 내촌면,4473,90,144,404,335,442,1022,1187,508,295,45,1,2609,53,75,260,211,288,610,714,259,124,14,1,1864,37,69,144,124,154,412,473,249,171,31,0
2022,12,읍면동,경기도 포천시 선단동,14835,637,1052,1964,1397,2141,3345,2649,1005,560,81,4,7991,333,550,1112,793,1178,1860,1473,464,202,24,2,6844,304,502,852,604,963,1485,1176,541,358,57,2
2022,12,읍면동,경기도 포천시 소흘읍,44612,2557,4640,5817,4284,6618,9229,7048,2731,1438,241,9,22760,1319,2405,3122,2212,3315,4831,3713,1283,509,50,1,21852,1238,2235,2695,2072,3303,4398,3335,1448,929,191,8
2022,12,읍면동,경기도 포천시 신북면,12293,587,862,1321,1217,1489,2414,2637,1087,592,84,3,6793,302,490,774,743,824,1408,1471,536,222,23,0,5500,285,372,547,474,665,1006,1166,551,370,61,3
2022,12,읍면동,경기도 포천시 영북면,8133,566,438,971,944,826,1154,1586,931,633,83,1,4383,293,223,670,577,484,651,818,416,228,22,1,3750,273,215,301,367,342,503,768,515,405,61,0
2022,12,읍면동,경기도 포천시 영중면,4710,132,227,375,265,457,902,1222,663,413,53,1,2531,70,114,218,154,277,526,685,307,159,21,0,2179,62,113,157,111,180,376,537,356,254,32,1
2022,12,읍면동,경기도 포천시 이동면,6033,472,327,744,890,587,780,1137,674,381,40,1,3285,220,169,510,546,344,428,599,315,142,12,0,2748,252,158,234,344,243,352,538,359,239,28,1
2022,12,읍면동,경기도 포천시 일동면,9332,413,661,951,832,1139,1509,1997,1077,642,109,2,4898,209,358,577,504,640,821,1037,508,221,23,0,4434,204,303,374,328,499,688,960,569,421,86,2
2022,12,읍면동,경기도 포천시 창수면,2072,41,60,174,104,159,363,592,328,230,21,0,1164,24,37,124,70,90,225,330,165,91,8,0,908,17,23,50,34,69,138,262,163,139,13,0
2022,12,읍면동,경기도 포천시 포천동,19266,1089,1771,2546,2034,2595,3764,3180,1433,755,93,6,9705,548,936,1377,1112,1250,1934,1627,650,250,17,4,9561,541,835,1169,922,1345,1830,1553,783,505,76,2
2022,12,읍면동,경기도 포천시 화현면,2698,203,138,266,336,264,401,573,283,205,29,0,1436,106,64,149,189,154,225,327,146,73,3,0,1262,97,74,117,147,110,176,246,137,132,26,0
2022,12,읍면동,경기도 풍양출장소 ,0,0,0,0,0,0,0,0,0,0,0,0,0,0,0,0,0,0,0,0,0,0,0,0,0,0,0,0,0,0,0,0,0,0,0,0
2022,12,시군,경기도 하남시 ,325310,32224,30107,36994,52557,59548,46713,40201,18755,7039,1134,38,162437,16462,15256,18502,26245,30778,23560,19416,9342,2647,223,6,162873,15762,14851,18492,26312,28770,23153,20785,9413,4392,911,32
2022,12,읍면동,경기도 하남시 감북동,2719,82,129,304,403,344,544,533,233,129,18,0,1509,46,70,182,245,192,307,296,114,51,6,0,1210,36,59,122,158,152,237,237,119,78,12,0
2022,12,읍면동,경기도 하남시 감일동,35369,5798,3399,3345,6793,6849,4235,3000,1343,499,105,3,17642,2977,1731,1675,3174,3546,2170,1483,693,172,21,0,17727,2821,1668,1670,3619,3303,2065,1517,650,327,84,3
2022,12,읍면동,경기도 하남시 덕풍1동,14928,803,929,1845,2036,2003,2622,2802,1320,507,57,4,7614,425,497,1033,1109,1068,1270,1335,645,214,18,0,7314,378,432,812,927,935,1352,1467,675,293,39,4
2022,12,읍면동,경기도 하남시 덕풍2동,18483,982,1010,2222,2782,2438,3133,3518,1651,657,88,2,9297,498,509,1204,1526,1318,1529,1667,810,224,11,1,9186,484,501,1018,1256,1120,1604,1851,841,433,77,1
2022,12,읍면동,경기도 하남시 덕풍3동,25362,1802,2411,3009,3337,4163,4216,3701,1881,710,130,2,12576,967,1243,1573,1718,2099,2070,1709,884,290,23,0,12786,835,1168,1436,1619,2064,2146,1992,997,420,107,2
2022,12,읍면동,경기도 하남시 미사1동,53492,4567,4614,8911,11789,10210,6341,4231,2042,665,117,5,26478,2380,2262,3882,6142,5274,3246,2008,1019,239,26,0,27014,2187,2352,5029,5647,4936,3095,2223,1023,426,91,5
2022,12,읍면동,경기도 하남시 미사2동,47230,5437,5869,3816,6365,10744,6289,5118,2560,882,147,3,23210,2766,2990,1945,2873,5412,3246,2356,1290,311,21,0,24020,2671,2879,1871,3492,5332,3043,2762,1270,571,126,3
2022,12,읍면동,경기도 하남시 신장1동,6698,278,342,934,1133,915,1181,1107,554,217,37,0,3492,143,180,502,683,519,596,539,249,76,5,0,3206,135,162,432,450,396,585,568,305,141,32,0
2022,12,읍면동,경기도 하남시 신장2동,46260,3759,3922,4793,6712,7426,6961,7387,3706,1409,180,5,22873,1920,2012,2477,3434,3801,3323,3462,1829,571,43,1,23387,1839,1910,2316,3278,3625,3638,3925,1877,838,137,4
2022,12,읍면동,경기도 하남시 위례동,31089,4212,3505,3283,4857,6299,4596,2985,975,311,61,5,15245,2103,1749,1611,2200,3158,2265,1523,515,105,13,3,15844,2109,1756,1672,2657,3141,2331,1462,460,206,48,2
2022,12,읍면동,경기도 하남시 천현동,7095,262,397,766,929,907,1314,1535,655,265,64,1,3922,129,202,464,540,575,748,821,337,98,8,0,3173,133,195,302,389,332,566,714,318,167,56,1
2022,12,읍면동,경기도 하남시 초이동,3406,137,174,384,443,416,642,715,309,167,18,1,1942,62,86,229,271,251,399,418,160,61,5,0,1464,75,88,155,172,165,243,297,149,106,13,1
2022,12,읍면동,경기도 하남시 춘궁동,3368,94,142,371,367,387,675,743,363,200,25,1,1918,45,80,216,218,239,424,420,188,80,8,0,1450,49,62,155,149,148,251,323,175,120,17,1
2022,12,읍면동,경기도 하남시 풍산동,29811,4011,3264,3011,4611,6447,3964,2826,1163,421,87,6,14719,2001,1645,1509,2112,3326,1967,1379,609,155,15,1,15092,2010,1619,1502,2499,3121,1997,1447,554,266,72,5
2022,12,시군,경기도 화성시 ,907958,96911,105573,109607,150085,177580,128793,84064,35889,16956,2433,67,471943,49552,53697,59539,79108,93776,69206,43288,16967,6303,492,15,436015,47359,51876,50068,70977,83804,59587,40776,18922,10653,1941,52
2022,12,읍면동,경기도 화성시 기배동,16265,1389,1963,2122,2001,3037,2827,1728,854,301,42,1,8274,691,1000,1158,1073,1549,1438,849,394,120,2,0,7991,698,963,964,928,1488,1389,879,460,181,40,1
2022,12,읍면동,경기도 화성시 남양읍,48080,4264,4062,6313,8251,7901,7488,6055,2446,1118,176,6,26158,2220,2107,3651,4863,4438,4037,3176,1214,414,36,2,21922,2044,1955,2662,3388,3463,3451,2879,1232,704,140,4
2022,12,읍면동,경기도 화성시 동탄1동,50887,5403,6766,8086,9099,9961,7221,2800,1068,431,51,1,26340,2703,3462,4421,4783,4966,3868,1451,506,171,9,0,24547,2700,3304,3665,4316,4995,3353,1349,562,260,42,1
2022,12,읍면동,경기도 화성시 동탄2동,34813,3317,6648,3774,3480,8325,5335,2340,1090,462,40,2,17112,1673,3335,1933,1614,3913,2863,1122,465,185,7,2,17701,1644,3313,1841,1866,4412,2472,1218,625,277,33,0
2022,12,읍면동,경기도 화성시 동탄3동,41723,4851,5529,6251,7646,8615,4718,2323,1233,487,69,1,21532,2478,2875,3463,4118,4337,2484,1048,508,202,19,0,20191,2373,2654,2788,3528,4278,2234,1275,725,285,50,1
2022,12,읍면동,경기도 화성시 동탄4동,52997,7585,9835,4277,7465,13852,6493,2361,794,288,43,4,26304,3840,4940,2154,3269,6847,3553,1236,364,97,3,1,26693,3745,4895,2123,4196,7005,2940,1125,430,191,40,3
2022,12,읍면동,경기도 화성시 동탄5동,46541,5968,4867,5329,10833,9264,5081,3219,1369,541,66,4,23279,3084,2464,2577,5451,4802,2585,1496,614,191,15,0,23262,2884,2403,2752,5382,4462,2496,1723,755,350,51,4
2022,12,읍면동,경기도 화성시 동탄6동,41175,5381,4532,6023,8711,8243,4885,2246,782,316,54,2,21214,2774,2321,3043,4532,4313,2620,1111,382,109,9,0,19961,2607,2211,2980,4179,3930,2265,1135,400,207,45,2
2022,12,읍면동,경기도 화성시 동탄7동,90305,14090,10959,8642,19129,19875,9699,5433,1779,613,84,2,45392,7257,5542,4359,9346,10355,4783,2657,874,200,18,1,44913,6833,5417,4283,9783,9520,4916,2776,905,413,66,1
2022,12,읍면동,경기도 화성시 동탄8동,33213,5896,3334,2844,8067,6999,3160,2023,624,223,43,0,16729,3034,1663,1398,3965,3761,1552,966,303,76,11,0,16484,2862,1671,1446,4102,3238,1608,1057,321,147,32,0
2022,12,읍면동,경기도 화성시 마도면,7011,199,359,700,772,958,1436,1435,687,404,59,2,4227,107,204,452,537,661,891,855,346,164,10,0,2784,92,155,248,235,297,545,580,341,240,49,2
2022,12,읍면동,경기도 화성시 매송면,6868,200,436,735,600,820,1388,1461,733,438,56,1,3650,103,230,424,357,468,775,783,344,156,9,1,3218,97,206,311,243,352,613,678,389,282,47,0
2022,12,읍면동,경기도 화성시 반월동,31287,3612,4165,3657,5073,6249,4395,2885,853,346,51,1,15821,1851,2139,1941,2533,3184,2142,1468,436,117,10,0,15466,1761,2026,1716,2540,3065,2253,1417,417,229,41,1
2022,12,읍면동,경기도 화성시 병점1동,36915,3620,3684,6255,6447,6457,5131,3187,1456,603,71,4,19008,1893,1884,3438,3464,3313,2566,1555,629,252,13,1,17907,1727,1800,2817,2983,3144,2565,1632,827,351,58,3
2022,12,읍면동,경기도 화성시 병점2동,23542,1904,3820,3014,2598,4991,3647,1921,1091,493,63,0,11471,966,1889,1590,1293,2345,1893,874,440,171,10,0,12071,938,1931,1424,1305,2646,1754,1047,651,322,53,0
2022,12,읍면동,경기도 화성시 봉담읍,87786,7873,10414,11055,12360,16492,13739,9500,4215,1872,256,10,44521,3991,5151,5715,6430,8476,7294,4758,1964,692,50,0,43265,3882,5263,5340,5930,8016,6445,4742,2251,1180,206,10
2022,12,읍면동,경기도 화성시 비봉면,6902,234,326,783,735,792,1246,1482,755,451,96,2,3927,136,170,464,469,480,757,869,385,181,16,0,2975,98,156,319,266,312,489,613,370,270,80,2
2022,12,읍면동,경기도 화성시 새솔동,25258,4283,2884,2367,4790,5299,3330,1746,364,167,27,1,12684,2130,1409,1256,2311,2797,1609,926,188,54,4,0,12574,2153,1475,1111,2479,2502,1721,820,176,113,23,1
2022,12,읍면동,경기도 화성시 서신면,7243,154,292,513,547,759,1485,1913,906,575,98,1,4010,84,147,327,332,481,858,1054,484,212,31,0,3233,70,145,186,215,278,627,859,422,363,67,1
2022,12,읍면동,경기도 화성시 송산면,11001,376,735,953,931,1334,2114,2351,1253,794,156,4,6028,184,413,564,575,803,1198,1315,623,316,36,1,4973,192,322,389,356,531,916,1036,630,478,120,3
2022,12,읍면동,경기도 화성시 양감면,4020,86,141,399,393,473,846,948,424,272,37,1,2483,50,69,274,282,338,554,580,227,100,9,0,1537,36,72,125,111,135,292,368,197,172,28,1
2022,12,읍면동,경기도 화성시 우정읍,17622,729,1429,1783,1572,2610,3633,3153,1641,928,140,4,9673,378,751,1081,960,1549,2129,1666,785,339,34,1,7949,351,678,702,612,1061,1504,1487,856,589,106,3
2022,12,읍면동,경기도 화성시 장안면,10245,336,549,977,879,1272,2078,2235,1148,695,75,1,5959,188,297,608,572,836,1313,1303,558,257,27,0,4286,148,252,369,307,436,765,932,590,438,48,1
2022,12,읍면동,경기도 화성시 정남면,11293,344,659,1279,1137,1470,2388,2249,1027,633,103,4,6589,178,366,787,764,953,1467,1300,514,243,17,0,4704,166,293,492,373,517,921,949,513,390,86,4
2022,12,읍면동,경기도 화성시 진안동,43828,3744,3859,7141,8338,7934,6331,3965,1693,722,98,3,23995,1889,2001,4292,4868,4493,3413,1967,766,284,21,1,19833,1855,1858,2849,3470,3441,2918,1998,927,438,77,2
2022,12,읍면동,경기도 화성시 팔탄면,10056,273,438,964,984,1395,2277,2187,887,566,83,2,6131,140,222,668,673,947,1507,1290,460,207,16,1,3925,133,216,296,311,448,770,897,427,359,67,1
2022,12,읍면동,경기도 화성시 향남읍,87298,9328,10734,10096,14284,18254,12124,7462,3231,1571,211,3,46855,4785,5504,5634,7996,10190,6831,3833,1496,545,38,3,40443,4543,5230,4462,6288,8064,5293,3629,1735,1026,173,0
2022,12,읍면동,경기도 화성시 화산동,23784,1472,2154,3275,2963,3949,4298,3456,1486,646,85,0,12577,745,1142,1867,1678,2181,2226,1780,698,248,12,0,11207,727,1012,1408,1285,1768,2072,1676,788,398,73,0
2022,12,읍면동,경기도 화성시동부출장소 ,0,0,0,0,0,0,0,0,0,0,0,0,0,0,0,0,0,0,0,0,0,0,0,0,0,0,0,0,0,0,0,0,0,0,0,0
2022,12,읍면동,경기도 화성시동탄출장소 ,0,0,0,0,0,0,0,0,0,0,0,0,0,0,0,0,0,0,0,0,0,0,0,0,0,0,0,0,0,0,0,0,0,0,0,0
